05387440
05387490
05387500
05388250
05388310
05389000
05389400
05389500
05411600
05411850
05412020
05412340
05412400
05412500
05414400
05416900
05418110
05418400
05418500
05420460
05420500
05420680
05420850
05421000
05421682
05421740
05421760
05421890
05422000
05422470
05422560
05422600
05448400
05449500
05451080
05451210
05451500
05451700
05451770
05451900
05451955
05452000
05452200
05452500
05453000
05453100
05453200
05453520
05454000
05454090
05454220
05454300
05454500
05455010
05455100
05455230
05455500
05455700
05457440
05457505
05457700
05458000
05458300
05458500
05458900
05459490
05459500
05460400
05462000
05463000
05463050
05463500
05464000
05464220
05464315
05464420
05464500
05464695
05464780
05464942
05465000
05465500
05465700
05469860
05469990
05470000
05470500
05471000
05471050
05471200
05471500
05472500
05473065
05473400
05473450
05474000
05476500
05476590
05476750
05478265
05479000
05480500
05480820
05481000
05481300
05481510
05481650
05481950
05482000
05482300
05482500
05483318
05483349
05483450
05483600
05484000
05484500
05484600
05484650
05484800
05484900
05485500
05485605
05485640
05486000
05486490
05487470
05487520
05487980
05488110
05488200
05488500
05489000
05489500
05490500
05494300
06483290
06483495
06483500
06485500
06599900
06599950
06600000
06600030
06600100
06600500
06602020
06602400
06604440
06605000
06605750
06605850
06606600
06607200
06607500
06608500
06609500
06609560
06805850
06807410
06808500
06808820
06809210
06809500
06809900
06810000
06811760
06811800
06811875
06817000
06819185
06898000
06903400
06903700
06903900
06904010
05387320
05387405
05411500
05411900
05418720
05460000
0546494170
05476735
05480080
05482430
06485950
06604200
06610505
06903880
405747093233201
410057095075101
414315091252002