070801040101
070801010102
070600051004
070600050902
070600050901
070600050801
070600050703
070600051002
070600050802
070600050601
070600050602
070600050203
070600050305
070600050201
070600050502
070801010201
070801010101
070600051003
070600051001
070600050701
070600050605
070600050604
070600050702
070600050603
070600050402
070600050401
070600050501
070600050504
070600050307
070600030104
070600030101
070600030103
070600030502
070600030501
070600030102
070600030201
070600030702
070600030503
070600030402
070600030301
070600030504
070600030202
070600030203
070600030401
070600030303
070600030505
070600030302
070600030405
070600050302
070600030506
070600030404
070600050301
070600030406
070600030403
070600050303
070600050304
070600050306
070600050503
070801010502
070801010501
070801040803
070801041006
070801040802
070801041002
070801041004
070801041005
070801041003
070801041001
070801040701
070801040702
070801040503
070801040501
070801040505
070801040502
070801040504
070801040102
070801040404
070801040403
070801040405
070801040402
070801040401
070801040302
070801040301
070801010704
070801040202
070801010703
070801040201
070801010203
070801040902
070801040903
070801041007
070801040801
070801070501
071000081301
071000081303
071000081302
070801021002
070600060407
070600050406
070600060501
070802070902
070802051004
070802040303
071000081304
071000080801
071000080802
071000050403
070802040502
070600060201
070802040504
070801020505
070802050303
071000020803
071000030903
070802020703
070802070302
070802040301
070600030705
070801020902
070600060802
070600050403
070801050401
070802070402
070801060202
070802080506
070600051101
070600030602
070802051503
071000080606
071000080608
071000081101
071000080904
071000090601
070600011003
071000061502
070801010604
070802051003
071000081305
070801060205
071000061602
070801050907
070802040305
070801060401
070802051403
070802051402
070600060209
070802070602
070801041103
070801041101
070801070705
070801070403
070801070502
071000060605
070801050302
070600060402
071000061201
070802051502
071000081306
071000081001
070802051501
070802051001
070801050403
071000060401
070802050905
070600060605
070801020806
071000090102
071000050205
070802020605
070801020303
071000030704
070600040506
070801030104
070801030201
071000050104
071000030705
070801020702
070600040603
071000090705
071000090302
070802090901
070802090902
070801030502
070802090201
070802091103
070802090904
070801030203
070802060402
070802060703
070802060503
070802090405
070801020603
071000041003
071000081502
070802050906
070802050402
070802050701
070600040405
071000020802
070802040102
070802070805
071000040301
071000020701
070600040403
070801070103
070801050502
070600061006
071000061501
070600040601
070802070303
070802040304
071000050401
071000020702
071000050501
071000060802
070801010301
070600060101
071000060208
071000060403
070802050903
070600050101
070801020805
070600060904
070600060205
070802051005
070802050806
070801020804
070802050602
071000061202
071000081002
071000080901
070600060702
070801051001
070801070304
070600040606
070600040104
070801020504
070801020905
071000080803
071000081402
071000080502
071000080501
070600060704
070802070904
070802050801
070600040402
070600061005
070802070802
070801050202
070600060401
070600060705
070801020803
071000060602
071000060207
071000060502
070600030603
070802051204
070802080404
071000061004
071000061402
071000040909
070600061001
071000061204
070802051401
070802051507
070802051203
070801050702
070801010202
071000030805
071000040502
070801050804
070801060105
070802070104
071000060805
070802051105
070802051301
070802050804
070802050203
070801020602
071000060201
070802050601
070802050501
070801070701
070801071003
071000081503
071000080601
071000081505
071000081501
071000080103
071000081504
070600051102
070600051203
070801010603
070801060501
070802051104
070802080502
070801050901
070801060101
071000020602
070801020302
070802040101
071000040302
071000040103
070802080501
070802081007
070802040602
070802011203
070802011202
071000050101
070600040401
071000080504
071000081401
070801070710
070801051102
070802081001
071000080505
071000081102
071000081404
070802090602
070801030601
070802060403
070801030407
070802090903
070802060203
070600040708
070802020602
071000030806
070802020504
070802020603
070802090401
070801030604
070802090704
070802060805
070801030501
070802090801
070801030301
070802090203
070802090805
070802090605
070802060802
070802060101
071000040902
071000040903
071000040704
071000040703
070801050304
070801050904
070802080701
070802050907
071000061001
070802050502
070801060604
070801070302
070801051204
070801060601
071000080902
071000081003
071000050204
070801020601
071000060904
070802070702
070801050404
071000060702
070802070804
070802070905
071000061002
070802051103
070600040802
070802070306
071000060203
071000060205
070802020503
070801050102
070801051103
070801060402
071000061703
070801051202
071000080903
071000080503
071000081403
071000080804
071000081004
071000080609
070600040204
070802020601
070802090803
070802090802
070802090205
070801030402
070802050103
070802070601
070600060207
070801020801
071000080610
071000080303
071000081405
071000081201
071000080401
071000080603
070801040603
070801070805
070600040710
071000050601
071000060304
070802020704
070801010405
071000080304
071000080607
070802070309
071000060601
070802011103
070600040903
070802011205
070802040401
071000020703
071000080403
071000080701
071000080201
070801050902
070801050801
070600060602
070802050702
070801020802
070802050302
071000060310
070802040204
070802070205
070600040706
070801041203
070802081008
070801050905
071000081103
071000080702
070802070310
070600040904
070600030708
070801060603
070802070307
070801020704
071000081202
071000080604
071000080703
071000080402
071000081507
071000090307
071000090703
071000090304
071000090306
071000090309
071000090606
071000080202
070801070301
071000080404
071000080301
071000080405
071000081508
071000080302
071000080602
071000080605
071000081506
070801071001
070801071004
070801051201
070600060406
070802050101
071000050606
070600011002
070600030701
070600030703
070600060204
070802040607
071000050502
070801070905
070801051101
070801050805
070801050301
070801050307
071000040706
071000040901
071000061405
070802050703
071000061203
070802040203
070600040703
071000030702
071000050203
070802070202
070802070311
070802050902
070802051505
070802080805
070600060902
070802080702
070600061004
071000050503
070600060603
070802060102
070802060407
070801030607
070802090702
070802060803
070801030605
070802060502
070802060704
070802091104
070801030103
070801030403
070802020502
070801020901
070801010601
071000080102
071000040911
071000041002
071000040907
071000040910
071000040803
070801041204
070801070708
070802051201
070801041202
071000080101
071000041001
070801051105
070801070307
070600060901
070801050906
071000040802
071000040908
071000040707
071000040705
071000040906
071000040801
071000040904
070802050904
070600060408
070600060606
071000050402
071000030902
070801070206
070802080902
070802070801
071000060804
070802050808
070802081004
071000040905
070802080703
070801070904
070801050802
070802051102
070600060804
070600051201
070802051504
071000060903
070802040402
070801020401
070802080804
070801070601
070600060503
071000060604
070600060701
071000060803
071000060505
070802080203
070600060102
070802070901
070801020604
070801060204
071000061701
070801050701
071000050303
071000060303
070802080806
070600040505
071000061702
070801060206
070802080204
071000061301
070801070703
070801070706
070801010406
070600040605
070802020705
070802070305
070801020701
071000061302
070802080201
071000040701
070600060601
070801020903
071000050703
070802040601
070801050305
071000061005
070600051202
071000061401
071000040702
071000040605
071000040606
071000040504
070600061003
070802080101
070801050604
070801050501
070801050903
070801010402
070802051101
070600060706
070801020906
071000040603
071000040203
071000040604
071000040204
070801050402
070801070305
070600040607
070801070404
071000060308
071000040501
071000040602
071000040404
071000040503
070600040503
070600040709
070801020501
070802051405
070801070803
070801070804
071000020502
070802040501
070801041102
070600060208
071000040601
071000040303
070802010903
071000020302
071000040202
071000040403
071000040401
071000040104
071000040402
071000040201
070802030202
070600060903
070802070903
070801021001
070802070701
070801051002
071000030804
070600040707
070801051208
070801070303
071000020901
071000050102
071000020301
071000030801
070600060206
070802050204
070802050102
070801050101
070802070603
071000061504
071000060306
071000040102
071000040101
070801060403
070801060301
070801060404
071000081509
070600040404
070802020403
071000020804
070802070301
071000060301
070801020402
071000050602
070802080401
070600060404
071000061003
070801010605
070801060503
070600040705
070802040202
070802070204
070600040704
070600060502
070600050205
070802040603
070802020701
070600050202
071000061102
070801050306
070600060410
070801070101
070801060302
070801051207
070801070204
070801051205
070801070603
070801051206
070600040901
070801070802
070801070202
070802020401
071000050301
070802020402
070802011102
070802011101
070802011005
070801020503
070802040604
071000090303
070802080507
070600060403
070802050803
070801050405
070802050201
070801070201
070802070308
070600030601
070802070501
071000060902
071000060901
070600060210
070801050201
071000060603
071000050604
070802040606
071000060305
070600040604
070600060405
071000030802
070802080504
071000060701
070802050505
071000050202
071000050103
070600060703
070600040608
070802050809
070600050204
070600050102
070600030604
070600061007
070801040601
070801010404
070802011004
071000030703
070802020604
070801020904
070600060103
071000060503
070801051104
070802040306
071000060101
070801010403
070600040203
070600010904
070600060302
070802051202
070802080302
070600060202
071000060103
071000050603
070802070304
071000060204
070801070801
070802050802
071000061403
071000061404
071000060206
070600030706
070600030704
070801010302
070801010602
070801010702
070801040602
070802050304
070802081003
070802080602
070801070902
070801070702
070801070205
070801050303
070802040503
070801020703
071000060307
070801020403
070802080603
070802080801
070802080407
071000061503
070802080903
070802011002
070802070201
070600040105
071000030901
071000060309
071000020903
070801050603
070802080503
070600060303
070801060203
070802080803
070600040902
071000020902
071000060302
070600060203
070600040801
071000050605
070802050301
070802050202
070801050803
070801050406
070802080202
070802080505
071000060202
070802050504
070600060801
070802051302
070600050405
070802050805
070801070306
070801050602
070600060301
070802011201
070802040201
070801010401
070801051203
070801070102
070802080102
070600040504
071000050302
070600040502
070802070502
071000050705
071000050702
070801010705
070801050908
070801020502
071000060801
070801060502
070801010701
071000061406
070802080901
070802080406
071000090203
070802050901
070801070402
070801070203
070801070604
070600040602
070802040302
071000060504
071000050701
070802080405
070802080205
070802051404
071000090305
070600050404
070802080802
070801060602
070802040605
071000090706
070600040501
070801070602
071000090204
071000090605
070801051106
070802020702
071000060501
070801050601
070801070704
070801070709
070801041201
070801070903
071000090901
071000090704
071000090501
071000090903
071000090604
071000061601
071000061505
071000091201
071000090603
071000091202
071000090708
070801060201
070801060102
070600061002
070802051506
071000090710
071000090709
071000090502
071000090101
071000090401
070801070401
070802050807
071000060402
070802050503
071000061101
070802081009
070801070901
070802080601
070801060103
070802081006
070802081002
070801060104
070801010204
070802080904
070802081005
071000090505
071000090504
071000090310
070802070803
070801021003
070600060803
070802070604
070802051002
070802050401
070600060604
070802050403
070802070401
071000050704
070600060409
070802080402
070802080301
070802080403
070802011204
071000060806
071000060102
070600030707
071000020801
070802080206
070802091002
070802090504
070802090501
070802090502
070802091101
070802090407
070802090804
070802060301
070802090406
070802090408
070801030603
070802090701
070802090301
070802090503
070801030602
070801030404
070802060405
070802060103
070802090101
070802090103
070802060201
070802090606
070802090207
070801030409
070802060406
070802060602
070801030406
070801030408
070802090102
070802060501
070801030101
070802090206
070802090403
070802090703
070801030303
070802090604
070802060806
070801030202
070801030405
070801030102
070802091001
070802060401
070802090705
070802060404
070802060807
070802060601
070802060801
070802090906
070802090806
070802090601
070802060804
070802090603
070802090302
070801030606
070802090204
070802090404
070802060701
070802060702
070801030302
070802090202
070802060603
070802090402
070801030401
070802060202
070802091102
070802060302
070802060705
070802090905
071000090301
071000090602
071000090701
071000090201
071000090702
071000090801
071000090802
071000090607
071000090707
071000090202
071000090503
071000090308
071000090402
071000070903
071000070901
071000070704
071000070904
071000070703
071000070701
071000070902
071000070803
071000070702
071000070403
071000070603
071000070401
071000070404
071000070802
071000070801
071000070602
071000070502
071000070601
071000070402
071000070206
071000070303
071000070104
071000070501
071000070102
071000070103
071000070302
071000070205
071000070204
071000070101
071000070301
071000070203
071000070201
071000070202
071100010502
070801041804
070801041803
071100011004
071100011002
071100010401
071100011001
071100010402
071100010403
071100010404
071100010604
071100010509
071100010505
071100010507
071100010503
071100010506
071100010508
071100010504
071100010602
071100010501
070801041801
070801041401
070801041402
070801041301
070801041302
070801040901
070801041702
070801041701
070801041501
071100010201
070801041806
070801041602
070801041601
070801041502
070801071002
070801041505
071000091204
070801070707
070801041703
070801071005
070801071006
070801041603
070801041604
070801041705
070801041805
070801041503
070801041504
070801041802
071000091207
071000091101
071100010204
071000090902
071100010203
070801041704
070801041605
071000091206
071000091208
071000091205
071000091001
071000091102
071100010202
071000091103
071000090904
071000091203
071100010801
071000091209
071000091002
071100010206
071100010205
071100010102
071100010101
071100010701
071100010802
071100020104
071100020103
071100020101
071100020102
071000091210
071100020105
071100010702
071100010207
071100020202
071100010103
071100010803
071100020106
071000091211
071100010301
071100020204
071100020201
071100020108
071100010804
071100020301
071100010302
071100010306
071100020401
071100020203
071100010902
071100020107
071100010304
071100020205
071000091212
071100010901
071100020402
071100020206
071100010601
071100010303
071100020304
071100010305
071100010603
071100010904
071100020302
071100010903
071100020403
071100020303
071100020305
071100010605
071100010905
071100011005
071100011003
071100020404
071100020306
071100020405
071100011006
071000020203
071000030601
071000020205
071000030404
071000030602
071000030803
071000050201
071000020503
071000030701
071000020601
071000030504
071000020403
071000020404
071000030603
071000020501
070802070102
071000030604
071000020201
071000030501
071000030202
071000030402
071000030503
071000030304
071000030502
071000020402
071000030301
071000030201
071000020401
071000030302
071000030303
071000020204
071000020202
071000030403
071000030106
070200090102
070200090101
070200090103
070200090104
070200090302
070200090301
070600010101
070802020302
070802010803
070600040304
070802030306
070802070203
070802030203
070600010706
070600010802
070801020203
070600010903
070600040308
070600010801
070600010902
070802020501
070802011003
070802030402
070802030201
070600040702
070802030109
070801020101
070802030305
070600040307
070801020204
070802030401
070802010902
070600010901
070600040309
070802010901
070600010905
070802020304
070600011001
070600010906
070600020402
070600020403
070600020405
070801020103
070600040701
070801020301
070802011001
070600040306
070600040202
070600040103
070600010102
070600010501
070600010502
070600010103
070600010104
070600010302
070600010305
070600010301
070600010304
070600010306
070600010307
070600010303
070600010701
070600010703
070600010704
070802020203
070600040301
070802010601
070801020202
070802010802
070600040101
070802020303
070802010603
070802020301
070802010602
070600040305
070600010602
070600010601
070802030303
070600040102
070802030108
070802030304
070802010604
070600040201
070600020407
070600020408
070802020202
070802020201
070802010801
070802030107
070801020102
070802010605
070802030301
070600040302
070802030302
070600040303
070600020207
070600020103
070600020105
070600020201
070600020301
070600020604
070600020206
070802010401
070802010403
070600020503
070600020601
070802030104
070600020401
070600020404
070600020406
070600020602
070600020603
070600010702
070600010707
070600010705
070600020202
070802070101
070802070103
070802030105
071000030401
070802030103
070802030106
071000010502
071000010503
071000010501
071000010605
071000010603
071000010601
071000010602
071000010604
071000010301
071000010403
071000010303
071000010302
070200080503
071000010102
071000010401
071000010402
071000010104
071000010103
071000010101
071000010203
071000010204
070200080301
071000010201
070200060101
071000010202
070200080102
070200030101
070200040303
070200030301
070200030302
070200090401
070200090201
071000020106
071000020102
070200090601
071000030108
070200090402
070802030102
070200090602
071000020105
070200090303
070200090203
070200090403
070200090202
071000030107
070200090504
071000020104
071000030104
070200090404
071000020101
071000020103
070200090603
071000030105
070200090505
070200090802
070802030101
070200090701
071000030102
070200090702
070200090801
070200090503
070200090507
070200090506
070200090604
071000010701
071000030101
071000030103
070200090502
070200090703
070200090704
070802020102
071000010504
070200090501
070200090906
070200090803
071000010505
071000010806
070200090902
071000010702
070200090907
070200090905
070200090903
070200090901
071000010703
070200100502
070200090904
071000010805
070200100403
070200091002
070200091001
071000010704
070200100503
070200091003
070200100402
070200091101
071000010404
071000010802
070200100401
070200091004
071000010801
071000010804
071000010803
070200100101
070200100606
070200091102
070200070902
070200091103
070600020208
070600020302
070600020605
070600020606
070600020107
070802010505
070802020107
070600020106
070801020201
070600020204
070600020205
070600020203
070600020501
070802010703
070600010402
070802010402
070600020502
070802010504
070600020104
070600010401
070802020106
070600020101
070802020105
070400080403
070802010502
070600020102
070400080802
070600010505
070400080402
070802010701
070600010202
070400080801
070802010702
070802010302
070400080406
070802010503
070400080407
070400080401
070802010501
070600010203
070600010201
070400080405
070400080404
070400080804
070802020104
070802020103
070400080409
070802010301
070400080805
070400080803
070600010503
070400080205
070400080410
070802010103
070400080408
070400080202
070802010205
070400080206
070802010104
070400080701
070400080903
070400080806
070400080201
070400080902
070802010206
070802020101
070600010504
070400080204
070400080301
070400080208
070802010203
070400080203
070400080702
070400080101
070400080305
070400080904
070802010101
070400080703
070400080105
070802010102
070400080103
070400080207
070400080102
070400080104
070400080901
070400080504
070400060502
070802010201
070400080602
070802010204
070400080303
070400020303
070400040101
070400080106
070400080304
070400080503
070802010202
070400080502
070400080108
070400080302
070400020302
070400080107
070400080601
070400040102
070400040105
070400040104
070400080501
070400030306
070400040106
070400040202
070400030607
070400030502
070400030307
102300070209
102300060602
102300050309
102300050308
102300040202
102300040102
102400010101
102300050104
102300070304
102300070401
102802010205
102802010201
102400010106
102300060405
102400010103
102300060406
102400010104
102300070306
102300040203
102801020206
102801020205
102300010302
102300010402
102300031105
102300010504
102300010505
102300031302
102300040103
102300031301
102300020202
102400050601
102400090602
102400020402
102400020607
102400090502
102400090601
102400020505
102400020703
102400020606
102400030603
102400050602
102400090403
102300031402
102300031406
102300031103
102300060407
102400010302
102300031208
102300031407
102300040302
102300050204
102300050201
102300020101
102300031209
102300031204
102300031109
102300030902
102300031403
102300040101
102300020502
102300030803
102801020209
102300031410
102300070203
102300010611
102300010303
102300010104
102300010102
102300010304
102300060104
102300060206
102300060101
102300060205
102300060202
102300060103
102300010301
102300010502
102801020203
102300031210
102300020405
102300040201
102300070102
102802010107
102300060304
102801020101
102300070604
102300040403
102300040204
102300050307
102300050306
102300050305
102300060503
102300050206
102300050302
102300020504
102300040503
102801020102
102300070101
102300040501
102300031203
102400100104
102802010207
102400130201
102300010606
102300020408
102400090702
102400030704
102400020804
102400030701
102400020803
102400050603
102400020705
102400020802
102400090603
102400020704
102802010209
102801020502
102801020501
102300031106
102300040402
102801020201
102300010501
102300010507
102300031104
102802010203
102802010208
102400130202
102801020302
102300031102
102300020403
102300020406
102300031101
102300010602
102300010605
102300060401
102300060301
102300060402
102300060303
102802010106
102400010304
102300020503
102300020102
102400100108
102400100107
102801010401
102400120103
102300040205
102300060504
102300010306
102300010407
102300010305
102400130101
102300031510
102300031409
102300040303
102300040406
102300031004
102300050304
102801020304
102802010204
102300031506
102300070201
102300040404
102300031509
102300050303
102300050205
102300050207
102300050203
102802010206
102801020303
102802010202
102300070206
102300070204
102300050301
102300050202
102300070402
102400010105
102300070301
102300031108
102300070601
102300040502
102300031211
102300070303
102300031501
102300040407
102300070207
102300031502
102400100105
102300010401
102300060502
102300020306
102300060404
102300020404
102300030509
102300030703
102300031001
102300030901
102300010603
102300010604
102300010601
102300010506
102300010503
102400100101
102300020304
102300060403
102300060302
102400010303
102300020407
102300020307
102400010102
102300031507
102300070603
102300050103
102300050105
102300050101
102300031202
102300031405
102300070210
102300070211
102801020204
102801020202
102300031207
102400100106
102300040206
102300031401
102300070605
102300031205
102300031003
102400100103
102300050102
102300040104
102300040105
102300031408
102300020501
102300031404
102801020207
102300070302
102300040301
102300070208
102300040401
102300031206
102300070202
102300031505
102300070103
102801020208
102802010101
102300031411
102300010607
102300060505
102300070501
102300070502
102300060601
102300060603
102300031508
102300031504
102400100102
102300020201
102801020301
102300070403
102300070602
102300070305
102300070205
102300040405
102300031503
102300031107
102400120101
102400120105
102400120106
102400120102
102801010102
102400120104
102801010101
102400090701
102400020805
102400050501
102400030702
102400020801
102400090503
102400090501
102400090404
102400090303
102400090402
102400020303
102400030601
102400020504
102400090202
102400020401
102400020503
102400090104
102400090302
102400030602
102400020702
102400090401
102400020301
102400030303
102400020605
102400090102
102400030304
102400020502
102400090103
102400020603
102400090301
102400030406
102400030502
102400090201
102400030302
102400020302
102400090101
102400020501
102400030104
102400030301
102400020602
102400020105
102400020604
102400030404
102400030405
102400030102
102400020701
102400030501
102400030103
102400030206
102400020106
102400030402
102400020209
102400030101
102400030401
102400030403
102400020601
102400020104
102400030204
102400030205
102400030203
102400020103
102400020208
102400030202
102400020207
102400020102
102400020101
102400020203
102400030201
102400020205
102400020202
102400020206
102400020204
102400020201
102300010405
102300010610
102300010608
102300010404
102300010406
102300010403
102300010202
102300010203
102300010101
102300010103
102300060204
102300060203
102300060501
102400010205
102400010203
102400010204
102400010202
102400010301
102300010201
102300010609
102300060201
102300060102
102400010201
102400050101
102400051203
102400051204
102400051201
102400051202
102400051205
102400051101
102400010307
102400010310
102802010102
102802010401
102400130103
102400130203
102801020801
102802010108
102801020402
102802010402
102802010104
102400050605
102400130204
102802010301
102801020802
102801020803
102801020401
102801020804
102802010405
102801020503
102400100110
102802010103
102400120108
102801010403
102801010106
102801010105
102801010404
102801020701
102400120107
102400120201
102801010301
102400010305
102802010403
102801020805
102801020702
102802010105
102801020601
102400130102
102400100109
102802010404
102400010306
102801020703
102801010103
102801010402
102801010104
102400030707
102400030705
102400090703
102400030708
102400050502
102400050604
102400040201
102400020806
102400030703
102400020706
102400030706
102400050606
102400010308
102400010207
102400010206
102400010309
102802010302
102802010407
102802010406
102802010303
102802010501
102802010502
102801030701
102400040202
102801030702
102400040102
102400040101
102801030703
102400050301
102400050503
102801030204
102801030202
102801021101
102801020806
102801030201
102801030101
102400050504
102400050608
102400050607
102801020704
102400050505
102400100205
102801020604
102801020603
102400100206
102400100204
102801020602
102801010903
102400100201
102400100203
102400130205
102801010904
102801010902
102400130105
102400130104
102801010901
102400130302
102801010405
102400130301
102400120202
102801010406
102801010302
102400120204
102801010303
102801010601
102400120109
102400120110
102801010602
102400040203
102802010304
102801010304
102801010502
102802010601
102801030203
102802010305
102400050609
102801030205
102801030704
102400100202
102801020901
102801010604
102801010905
102801010906
102400050102
102400130303
102400050302
102801010501
102400050901
102400120203
102801020606
102400100207
102400120205
102801030206
102400050902
102801021001
102801010504
102400050701
102802010503
102801010503
102801010907
102802010602
102801010305
102801020903
102400130401
102801021102
102801030801
102801021201
102400130304
102802010603
102801020902
102400100301
102801020605
102400100303
102801010603
102801010306
102400050303
102801010605
102801030705
102801030601
102801030102
102400100302
102801030207
102801021003
102801010908
102802010701
102801010505
102802010504
102400050702
102400050401
102802010702
102801021002
102801031201
102801010804
102400120206
102801030802
102400050200
102801010909
102801010202
102400051002
102400100304
102801010307
102801010805
102801021301
102400130403
102801010506
102400130402
102801021005
102400100306
102400050402
102801021004
102801010910
102400100305
102801021008
102400050903
102801020904
102801030103
102801010606
102801030706
102801021103
102801021202
102801031202
102801031102
102801011201
102801030603
102801030803
102801010203
102801010806
102801030602
102801010802
102400051001
102801010201
102400120301
102400051003
102801030401
102400100401
102801021007
102801010911
102801010803
102400130404
102400050800
102801011202
102400100402
102801011102
102801021203
102801021006
102801010807
102801021403
102400051102
102801030301
102801010801
102400120401
102801011101
102801030402
102400050904
102400120302
102801010702
102801031204
102801011204
102801021303
102801021302
102801030501
102801031101
102400051103
102801021401
102801010808
102400130405
102801010704
102801011103
102400100404
102801031203
102400120403
102400100403
102801030901
102801010705
102400120402
102400051301
102801010710
102400120303
102801011104
102801010706
102801021402
102801011205
102400100405
102400130406
102801011203
102801030302
102801011701
102801030903
102400051302
102801011702
102801030503
102400051303
102801031301
102801030902
102400120405
102801030403
102801010707
102801011705
102801010709
102400120406
102801011003
102801010703
102801021404
102801011001
102801031103
102801011704
102400120501
102400120304
102801010708
102801011706
102801011002
102801031205
102801011707
102400120404
102801011708
102801031302
102801030303
102801030502
102400130407
102801030904
102801011302
102801011703
102801031002
102801010701
102801031206
102801011306
102801031104
102400120701
102801011504
102400120601
102400120407
102801031001
102801011501
102801011502
102801011505
102400120502
102801011603
102801011303
102801011503
102801031003
102400120503
102801031602
102801011602
102400120504
102400120602
102801011506
102801031303
102400120702
102801011304
102400120703
102801011301
102801031502
102801031601
102801011403
102400120505
102801031401
102801011601
102400120603
102801011305
102801011401
102400120704
102801031603
102801031501
102400120705
102801031503
102801031604
102801031701
102801011402
102400120802
102801032303
102801031505
102400120901
102400120706
102400120801
102801031504
102400120707
102801031506
102400120711
102400120903
102400120710
102400120708
102400120709
102400120902
102300030402
102300031002
102300030702
102300020303
102300030602
102300030802
102300020305
102300030704
102300030507
102300020402
102300020401
102300031201
102300030510
102300030804
102300020302
102300030506
102300030601
102300030508
102300030801
102300020301
102300030603
102300030504
102300030505
102300030202
102300030204
102300030401
102300030701
102300030106
102300030305
102300030103
102300030102
102300030503
102300030101
102300030502
102300030501
102300030104
102300030203
102300030105
102300030304
102300030201
102300030301
102300030303
102300030302
101702020203
101702020104
101702020101
101702020102
101702020201
101702010901
101702020204
101702020205
101702020304
101702020103
101702020301
101702020303
101702020302
101702020306
101702020501
101702020305
101702031907
101702032301
101702032303
101702021107
101702020801
101702030701
101702030702
101702032302
101702032304
101702032501
101702032505
101702032305
101702032001
101702040804
101702032402
101702032003
101702032202
101702032502
101702032201
101702032401
101702032002
101702040801
101702032507
101702040805
101702032101
101702031906
101702032102
101702031908
101702032403
101702032503
101702032506
101702032504
101702021003
101702020401
101702020402
101702020403
101702020404
101702020307
101702021102
101702021101
101702020701
101702021103
101702020308
101702020601
101702021104
101702020502
101702020702
101702020703
101702030801
101702030605
101702020602
101702021105
101702020902
101702021109
101702020704
101702021110
101702021106
101702020806
101702030201
101702030102
101702020805
101702030202
101702020804
101702020803
101702030601
101702020802
101702030703
101702030402
101702030602
101702030401
101702030502
101702030501
101702030603
101702031401
101702031001
101702030604
101702031002
101702020807
101702031003
101702031201
101702031402
101702031202
101702031701
101702031103
101702030902
101702031102
101702031606
101702031203
101702031104
101702031801
101702031703
101702031802
101702031105
101702040803
101702040505
101702040802
101702040605
101702040402
101702040703
101702040604
101702040702
101702040504
101702040606
101702040501
101702040403
101702040503
101702031905
101702031902
101702031903
101702031705
101702031901
101702031904
101702031803
101702031704
101702020901
101702021001
101702021002
101702030101
101702030301
101702030302
101702030303
101702030304
101702031301
101702031302
101702031303
101702031304
101702031305
101702031501
101702031502
101702031503
101702031504
101702031505
101702031506
101702031601
101702031602
101702031603
101702031604
101702031605
101702031702
101702040101
101702040102
101702040103
101702040104
101702040105
101702040106
101702040107
101702040108
101702040109
101702040110
101702040201
101702040202
101702040203
101702040204
101702040205
101702040301
101702040302
101702040303
101702040304
101702040305
101702040306
101702040401
101702040502
101702040601
101702040602
101702040603
101702040701
101702021108
101702020202
101702030901
101702030802
101702031101
101702020105
