6979044
2165863
14803821
22477379
5120872
14623416
6619976
6609926
22249009
13357294
13337704
17539093
17539093
5121448
17218568
6597134
19166665
17243636
17539225
6609790
6609766
6609988
22471909
22474117
13310287
7017239
6609812
6572456
22254479
22254495
22254523
22254467
22254471
3722953
13210192
13210172
13211112
13211112
22476391
17540033
22477611
22471909
22474229
22474241
22474413
7017365
22475155
22474973
22474253
22474269
6598056
6595028
6948750
6949904
22472913
22472845
6947786
6606184
6606174
6606256
2165369
6560899
6618238
19166495
19166081
17555191
14795691
17556305
17556319
17556359
17555159
6566271
6566521
14622890
14622672
14623416
6949278
6948406
5135699
22253177
14621980
13309017
13312723
14795813
14795867
13375337
14796819
17206790
6609988
6609988
5103020
13376213
13376235
13312981
6950330
13376323
11919497
13372991
13373197
6947600
6947628
6947624
6947622
13372001
13311345
13311949
6947592
6948006
6947530
13312253
13310957
7016519
7016519
6560531
22472361
6619852
22474233
22474277
22474923
6620932
19163815
6620116
6572090
7003320
13309523
13309567
13310379
13309931
13310423
17543627
17542921
11917269
11917101
11917729
11916767
11915463
11915457
13374709
13361270
6981186
6981500
6979694
6979692
11915361
11915917
11915629
17540521
17540263
13377495
13377043
13377599
13377491
6965285
6965273
6964715
17555769
6950710
11918959
5120872
7242761
7226144
7225268
22255723
22249737
6983626
17539199
17539311
17538155
7015675
4994973
19166523
14620388
14621726
14621740
14620826
7243815
19167073
17239962
17233716
22248781
6597312
6597270
22249293
22248825
17218398
17219024
19208055
19208091
17543477
11917353
11916761
5103900
2528217
14804137
14803787
14803753
14803841
14803821
14803819
7309893
19207481
17238880
17238874
17239820
17240102
17240202
6979044
6979036
6980772
6980656
17543703
17539225
22475363
22476055
22476181
17541213
17541373
3722649
2526989
4994409
22252021
11919635
7002558
7003568
7002376
5123862
6594380
13337818
17227367
17226917
6566467
6566175
6559823
7016691
5135009
19126067
22249665
19165329
2527029
13210858
13211528
13210820
13210834
13211470
13210606
13210820
13211496
13210264
13210348
13210348
13210404
13210422
13336410
13337268
5121596
5798354
5000115
22473617
22475935
22475289
22474323
22474399
22476839
22476841
22474701
22471901
22471847
22471921
22471901
22471997
6949112
7017273
22472915
6950096
6947936
13372289
13372331
13372415
17225249
6606248
6606390
2165295
22471685
6560899
6560947
6619732
17556395
6561405
6561439
6561437
6561449
2165699
2166249
6560079
2164527
2164559
2164563
2164521
6566287
6566317
6566533
6566231
14622988
14622840
14623026
14623062
14622566
14622562
14623406
14622616
17233702
17233702
17234216
17233846
6948330
6946978
6946980
13310147
13309993
22253201
14621764
14620956
14620452
14620336
13312119
13313203
13309087
14795507
14795673
13378181
4999903
6950336
6950328
6950210
13376447
13372423
13372847
6964863
7005724
7003204
7003216
13373197
13372829
13372039
13372107
6947598
6947610
6947612
6948958
6948974
6949000
13312439
13371963
13312231
13313413
6947538
13313413
6947500
6948870
13311995
13311309
13311165
13311469
13311469
13309147
13309159
6561075
7016397
7016413
7016175
22472329
2166195
2166185
2166155
2166049
2166057
2165929
2165929
2166027
2166027
2166027
2165783
2165827
3701840
6621574
6571212
6571266
22475201
22474885
22476751
22474617
22474395
22474395
22474443
22471839
22471791
6621308
6620330
6570308
6572222
7005596
7003494
7002950
13309903
6946550
13309741
13337846
13337736
13335926
17226743
17227325
17226247
17226559
17226743
17226163
17225949
17226083
17226139
17225881
14623124
14623164
14623218
11917753
11915761
11916775
11917143
11915341
17543097
17542381
17542441
17542479
17542973
13374191
13360784
13373513
7003524
7002982
11915549
11915491
17540537
14795281
14794679
14794859
6950588
13377127
13377165
6996205
6996033
6995645
6995819
11918495
11920111
5002663
7005960
22477481
17555593
17554833
11919153
11918867
5001841
7243707
7243847
7243821
7242765
7242809
7243905
7242543
7243025
7243007
7242819
7226144
7226144
7226144
7226144
7243609
7243583
7243675
7243685
7243675
7242423
7242437
7242417
7242471
7243451
7243463
7243461
7242255
7242277
7242197
7242301
6983626
4993939
6995863
4996483
6983178
17538829
17538597
17539333
6572460
7015935
7016491
6946430
937100033
4994619
4994581
17239450
14620392
14620326
17239288
17239286
17239722
14620046
17239238
7243747
7244017
14621122
7244003
14619700
7243481
6587303
17234070
17234148
17243620
17233876
17233982
17233952
17233484
17234210
7226832
17240344
22248825
22248825
22248789
22248807
22249301
6597362
6597320
6597738
6597362
6610066
6981344
22249295
22248767
6981160
6981256
6597092
17219024
11917727
6606338
17240248
17240252
17240064
7226516
17239024
17238990
7225690
6979056
6980568
6979038
6978872
6978980
6978826
6978722
6978824
6978824
17542255
5135663
4997469
4999325
4994829
4995021
22252297
22253933
22251067
22254255
11918837
7002298
7002296
5964304
5137231
5123886
5124112
5124018
5123858
5124368
6594246
6590838
13308803
13308875
13310169
13337328
13337132
13337050
13336628
13336336
17226697
14623168
17233534
17233532
7016653
7016673
6947944
13210220
17538679
13373065
4994961
5120872
5124454
7242423
11915629
17239816
940230074
13372067
7242697
14620086
6597550
6979044
11916245
22477695
22477379
6610078
937080094
6609800
6948638
7017239
7017239
22253349
6947636
6980800
22249099
17539115
7225392
22474521
11916245
22471767
6610078
5000831
22474307
6609766
2527015
13357294
6609862
6609864
22474137
14803911
22476809
22476809
22476809
22248781
11916245
22474117
22472037
22472121
17554959
17219024
17243984
17554919
17219344
11916317
6609898
6609898
6609906
6609916
6597756
13357540
6597380
22471939
22474253
14804053
22472057
22472017
22471971
17554985
6965643
13336456
2165785
17227223
17227199
17227143
13210220
11916815
6597512
13311841
22474317
22474329
22475083
22474801
11915477
11915341
11915285
22474253
14620356
19207485
17207980
13373425
14620386
6609842
13375337
11919635
7016421
22250381
7017243
7017253
7017043
22477241
14624732
6948704
13377411
7016973
17239296
17239840
7243863
7243747
17239842
6595946
14619108
6620244
6620244
17538293
14794859
6950710
7005810
7005950