13336562
13337102
13337306
13336508
13337278
13211090
13211298
13211730
13308741
13309075
13311879
13311953
13312435
13312489
13325110
13376223
13376219
13374239
13375649
6949292
6948920
6950974
6950486
14794879
14795283
14795495
14796185
14803985
14803953
14804277
6570284
6570940
6570914
6572160
17539323
17539261
17541397
17541959
17538703
17543537
17543587
17543573
17543645
17543597
17540301
11916389
11915429
11915407
11915379
11915507
11916315
11916245
11915787
11917317
11918423
11919685
7015765
7015937
7016523
7016531
7017471
7017505
2165301
6566217
937080094
6559411
6561217
22471721
937080141
22474681
937080146
22476707
22477067
22473833
22477695
17554979
17556947
17556269
17557695
11919825
11923655
6978626
6978824
6978934
6979014
6979048
6987834
6981152
6984030
6996297
7003858
7005420
7003470
7006146
6586993
6587219
6588281
6591302
6591838
6594454
6603048
6603910
6595152
6595970
6597718
6597540
6597748
6608106
6610484
6619774
6618116
6621598
6621656
6621036
6610166
6610162
6610248
6609844
6610140
22249381
22248777
22248913
22250473
22253619
22251347
22254205
22251995
4995175
4995875
4995213
4994047
4995479
4998271
5799184
7242391
7243027
7242913
7226820
17243674
17243626
17243678
17239358
940230078
17240094
17234914
25189964
14620352
14621218
14621756
14623352
14624658
17227027
14626248
17246860
17208706
17207700
7310681
19209621
19210377
19210415
19166273
19166807
19167379
659674
3701190
3701200
3701978
19129083
3722745
5138325
5124308
5123830
940280023
5121684
13337650
13337902
13326714
13311203
13375515
6566607
17556267
6588095
6594388
6608186
7226854
14621342
940280011
5123226
3701254
11915305