comid,water,wetland,coniferous_forest,deciduous_short,deciduous_medium,deciduous_tall,grass_1,grass_2,cut_hay,corn,soybeans,barren__fallow,structures,roads__impervious
13337464,0.37345255372609,0.38226171324856,0.54741526833532,1.1426339708953,2.174396792593,2.9411168444916,10.785394945377,3.8561150735965,9.6525348842479,20.572076621919,9.7950531805156,1.1426339708953,0.24241824367755,0.3559212887823
13337122,0.092953075537115,0.26075056170097,0.14078630957081,2.5408049731173,0.31334515357945,0.095033343143659,9.1991902892132,5.0678850612667,0.66801785957835,14.713622235462,4.2343782526614,2.5408049731173,0.32357205923523,0.080536074481907
13335220,0.29082384501104,0.27235966004439,0.4365356045159,2.3929879644165,1.5982725539376,1.9468293064352,9.7760094311818,4.0638469357681,5.0884714628557,17.259724402582,7.8875475919811,2.3929879644165,0.29228363317033,0.23779149148607
13335348,0.29211650340145,0.19835508470877,0.49642084390764,4.9040673928903,1.581076615141,1.7563742026401,9.1243226727691,4.6679927419204,2.7340263011854,15.178864272664,6.1664369937583,4.9040673928903,0.29144494397436,0.17607982640469
13335196,0.16266631637824,0.13073102933948,0.40373311412058,13.171663926507,1.5253309378125,0.36819013881591,8.4757368768962,7.2672841912575,1.9095154155155,6.6363836675198,3.7074187698097,13.171663926507,0.86071797827082,0.058859472194444
13210896,0.15636588380717,0.046861534728173,0.17420431192034,3.9014385706811,1.8144797409511,2.496424427643,7.5492503810658,5.0229625304284,0.75722356616894,17.276877459865,7.1514328831322,3.9014385706811,0.29476366338811,0.11364025874555
13211350,0.082404458598726,0.016321656050955,0.22054140127389,7.5708598726115,0.96894904458599,0.49482484076433,5.4076433121019,3.9613853503185,1.0919585987261,18.084394904459,2.8415605095541,7.5708598726115,0.11703821656051,0.11504777070064
13211350,0.9484412470024,0.047961630695444,0.26169064748201,10.363009592326,1.8773980815348,2.1303956834532,5.9217625899281,3.9697242206235,1.9283573141487,13.976618705036,2.1756594724221,10.363009592326,0.23291366906475,0.79796163069544
13309795,0.32627662187611,0.38327086309009,0.29141231270299,3.8335956477042,1.0765177084944,0.43502488195853,10.382076802009,4.7051692610013,17.766605409438,36.773669702235,12.82610376732,3.8335956477042,0.40320144833923,0.90020833522867
13309795,0.29881055382612,0.32596399996432,0.24138041762182,2.7855696586419,0.96270660327711,0.61425729857017,8.0439921149575,3.4921060377661,6.6785150431269,27.020720535897,14.249538403903,2.7855696586419,0.29288339235222,0.37098901981072
13311735,0.31308167359408,0.24335112171713,0.2470971717781,3.9924213617947,1.0601098771421,0.63962657505868,8.2664586256179,4.6308888510103,4.0642741946058,21.7937771251,10.54699935752,3.9924213617947,0.40919401576042,0.27076979558656
13313687,0.21549791866795,0.27873839257125,0.21085494716619,1.8426192763369,0.23166826769132,0.057957092539225,5.0139289145053,2.0371437720141,6.5533141210375,28.438645177358,13.986871597823,1.8426192763369,0.19276336855588,0.34918347742555
13313687,0.33945649638442,0.14841380919058,0.41660835082808,7.7362439416323,1.535281082342,0.96174480989037,10.594951144286,5.4580125962211,2.5732446932587,19.549866521525,9.263017391079,7.7362439416323,0.20632143690226,0.18480289246559
13312469,0.30784773296694,0.17576722356283,0.29374444354643,5.1436595813465,1.3612907136507,1.0178051864082,8.5920090981515,5.0404971654871,2.9759932341158,20.332867649606,9.3802028610685,5.1436595813465,0.30183810370507,0.21608254147857
13325006,9.0092112838227,5.3742084052965,691.56911661229,290.71643318621,336.79588050918,1028.778865221,1002.6418473741,47.041450777202,1696.4945947675,253.29431331158,69.044329303397,290.71643318621,13.644789867588,70.972941853771
13376055,0.20149106023619,0.24912581645444,0.081216599590948,0.99030151085307,1.0946757273867,1.9021574190143,4.8277363594379,2.7063403048097,0.30395196938708,22.681782528058,11.558942329543,0.99030151085307,0.25354621626971,0.14158474632183
13371689,0.15311192468619,0.14055962343096,0.40912656903766,1.0827667364017,0.4375,1.1499738493724,4.4052039748954,5.5339958158996,7.4091265690377,23.071972338447,4.3729079497908,1.0827667364017,0.26176778242678,0.50692991631799
13373317,0.38331167730637,0.16247669623185,2.2859725439241,3.4249477430654,2.4582791932659,6.2237726682108,11.522198996918,7.2534508408188,17.677720656083,24.750202436774,6.4383682026753,3.4249477430654,0.79729958759392,1.0122027004124
13373387,0.37323914962983,0.1363173266318,0.82784758541058,2.6794508969337,2.2269465009396,3.5441901182579,7.5773808176172,5.2521300761469,6.2492698498947,22.367120227611,8.1131713796252,2.6794508969337,0.44926984989472,0.41047340895198
6946228,4.6129261363636,2.2386363636364,1.7443181818182,8.7869318181818,20.132102272727,24.737926136364,91.558554292929,30.555397727273,307.24510732323,202.17013888889,1.8892045454545,8.7869318181818,4.8025568181818,12.200284090909
6947494,0.16692213366033,0.21030042918455,0.12185775597793,1.7133660331085,0.33874923359902,0.085377069282649,4.7676272225628,1.5913549969344,0.42581238503985,24.442571019824,11.590588595953,1.7133660331085,0.062078479460454,0.12844880441447
6947896,0.47517579876351,0.35634055406107,0.19698900372835,1.4844022842041,1.7264382462599,2.3155856550307,7.4181310008862,3.7113858868071,12.201246978254,29.727951085731,13.523421481796,1.4844022842041,0.35471235074803,0.61796215017226
6950368,0.25377097939239,0.25653282345443,0.04790737199915,0.85542808582962,0.92181856809008,1.4424261737837,4.1081368175058,2.965901848311,0.17357127682175,27.948445577509,17.44859901329,0.85542808582962,0.26885489696197,0.10314425323986
6950368,0.47846990515724,0.27102435435988,0.27399311667499,1.5508207153637,2.0019441452329,2.6261432070223,5.9575936969994,3.4888357605957,7.3419068386622,25.210396798291,12.550522963391,1.5508207153637,0.28601266321625,0.44765257599243
14795285,0.53563221171291,0.25999661336752,0.31411016231646,1.6901715087448,2.0721755888306,3.0532373249904,6.3591953791281,3.4897635001653,8.511024026276,25.873468959901,12.368358101443,1.6901715087448,0.30702242434505,0.48035753162873
14795349,0.13592233009709,0.01294498381877,0.035598705501618,0.7588996763754,0.52588996763754,0.39482200647249,4.8268608414239,4.6941747572816,0.39967637540453,19.006472491909,15.542071197411,0.7588996763754,0.029126213592233,0.10517799352751
14796831,1.1447368421053,0.16666666666667,0.58771929824561,1.4342105263158,1.890350877193,3.0350877192982,7.5175438596491,1.8508771929825,0.75,16.298245614035,9.7236842105263,1.4342105263158,0.043859649122807,0.21491228070175
14803927,0.059066191636977,0.0058128633039565,0.012563285205325,0.44009000562535,0.3924620288768,0.29664354022126,0.88974310894431,1.2990811925745,0.15207200450028,2.7123570223139,2.3967747984249,0.44009000562535,0.066004125257829,0.31033189574348
14804035,0.12941176470588,0.099346405228758,0.03921568627451,1.3464052287582,0.73202614379085,0.24313725490196,5.6993464052288,1.9267973856209,0.51633986928105,24.300653594771,21.920261437908,1.3464052287582,0.60522875816993,0.13986928104575
14804035,0.038963657442411,0.014416049196028,0.019053379706638,0.38429356318363,0.35727607238268,0.3727002369071,0.79142093855537,1.0935026967085,0.13019809466203,2.0974847522557,1.8485810776753,0.38429356318363,0.047784666565855,0.40117949493422
6570264,0.072453861927546,0.38824333561176,0.056732740943267,0.038277511961722,0.31032125768968,0.25837320574163,4.0362269309638,1.4853041695147,0.0027341079972659,24.563909774436,12.82980177717,0.038277511961722,0.30963773069036,0.11551606288448
6570256,2.1433543615401,5.1677180770067,0.24820535131608,0.14542092669132,1.4192951925169,1.6653252120948,15.136441640684,6.2764846639112,58.554129504749,56.744132646895,13.305416576028,0.14542092669132,0.43093321731564,2.0503589297368
6570914,6.3333333333333,47.933333333333,1,2.7333333333333,4.0666666666667,5.2666666666667,113.26666666667,34.733333333333,1298.2,808.53333333333,2.2666666666667,2.7333333333333,4.8,47.133333333333
6570914,0.94300361881785,3.9867310012063,0.20205066344994,1.9041013268999,2.2083835946924,2.3042822677925,13.111278648975,5.4451145958987,91.04041013269,65.388687843453,11.491254523522,1.9041013268999,0.37183353437877,3.127261761158
17538123,1.0565368431353,2.347710147764,0.20904687347099,1.0375281338683,1.5739309130052,2.0374302769351,10.609431233758,4.0871307259897,39.053614726381,42.544932641811,15.032156875537,1.0375281338683,0.34893335942852,1.5393384871318
17539633,0.26750392464678,0.174568288854,0.11569858712716,0.99984301412873,1.031240188383,0.89293563579278,6.956671899529,3.0769230769231,5.0956043956044,20.226059654631,13.826373626374,0.99984301412873,0.28665620094192,0.37551020408163
17541275,0.76060335620547,1.4802855847025,0.16001228950564,0.93964974908926,1.3130589002193,1.6943099263768,8.5121732755271,3.3348939054781,23.861798331813,30.930214789997,13.172496866664,0.93964974908926,0.40170590042574,1.0167078755249
17541903,0.19174757281553,0.09368932038835,0.0053398058252427,2.2752427184466,1.0257281553398,0.42815533980583,11.294174757282,4.4723300970874,0.99708737864078,28.887378640777,28.296601941748,2.2752427184466,0.63058252427184,0.10242718446602
17538175,0.12081513828239,0.045123726346434,0.0050946142649199,0.18049490538574,0.096069868995633,0.042940320232897,3.080058224163,1.1724890829694,0.31222707423581,21.839155749636,21.191411935953,0.18049490538574,0.0065502183406114,0.12081513828239
17538175,0.2053061681406,0.10242919511922,0.25724840479122,1.896787193552,0.86208440613456,1.3115414754282,7.5984551662375,4.2390014552782,3.6475987909997,22.268119457194,21.17927285844,1.896787193552,0.17608866002463,0.27538340982872
17542585,0.64876033057851,0.21808999081726,1.1786042240588,2.7465564738292,2.0032139577594,6.360422405877,11.145087235996,4.9903581267218,12.719467401286,31.002754820937,22.464646464646,2.7465564738292,0.67217630853994,0.67584940312213
17542215,0.67511924198728,1.1855315945634,0.24750218091046,1.2982868680867,1.3546191872285,1.9866741021132,8.6918313731365,3.6212051213946,19.3809613126,29.10159077434,14.628024164362,1.2982868680867,0.40300959348836,0.86327799968026
17542355,0.1719675897932,0.12032893941226,0.13266416737211,1.0362800822349,0.57322529931068,0.80989236908937,6.2404160116096,3.5879791994195,2.4727294715201,18.894801198586,15.4480590156,1.0362800822349,0.29386866610231,0.23255532712541
17542749,0.6221855671959,1.071817472971,0.26254687674047,1.277995245098,1.2876603204214,1.9992528975536,8.5100031841866,3.6353847521341,17.753696975698,28.142133990123,14.631956407022,1.277995245098,0.38860016179719,0.80777189072052
17542369,0.47808764940239,0.45019920318725,2.898406374502,3.9741035856574,5.0139442231076,20.400398406375,27.653386454183,1.2569721115538,57.221115537849,42.294820717131,2.304780876494,3.9741035856574,0.34661354581673,3.7290836653386
17540457,0.83252859886863,1.0879651250147,0.39914152632883,1.468593020942,1.5502272071992,2.5490048771376,8.4025344059517,3.5742392924293,17.061250512688,26.625780199877,13.540858717325,1.468593020942,0.36421984073161,0.82597634121283
11915251,0.12039312039312,0,0.00061425061425061,2.1154791154791,2.2420147420147,2.9318181818182,7.2469287469287,5.0411547911548,0.30589680589681,14.487100737101,10.441031941032,2.1154791154791,0.2536855036855,0.11977886977887
11915309,0.75298804780876,0.18924302788845,3.6254980079681,3.7450199203187,4.7250996015936,9.8167330677291,7.5139442231076,1.3625498007968,2.7250996015936,6,0.29681274900398,3.7450199203187,2.3924302788845,6.4721115537849
11916703,0.20380787537862,0.50151449588923,0.49242752055387,2.1631328429251,2.037646040675,5.0869753353527,10.694504543488,6.9580268282129,18.463435742103,24.036347901341,6.6027693639117,2.1631328429251,0.19861531804414,0.94115101687581
11916703,0.1114791547687,0.15134209023415,0.13672187321531,1.1637921187893,1.1368360936608,2.0172472872644,5.3963449457453,3.2464877213021,4.9764705882353,8.7226727584238,4.0416904625928,1.1637921187893,0.096516276413478,0.41610508280982
11915251,0.77143668012109,0.98232305030993,0.39912606313969,1.4822599827015,1.6013856854548,2.5788074816203,8.0283533948393,3.515460573735,15.516163327087,24.492846331267,12.461348565662,1.4822599827015,0.35820149199942,0.83731079717457
11915551,0.27758007117438,0.00355871886121,3.9110320284698,4.1459074733096,4.5409252669039,6.5693950177936,4.270462633452,0.099644128113879,3.1957295373665,1.9252669039146,0.27046263345196,4.1459074733096,3.0533807829181,5.8576512455516
11915503,0.2457715598246,0.55001044059303,0.10565880141992,2.1211108790979,1.846732094383,4.0106494048862,11.045938609313,8.1094174149092,10.598245980372,26.118883552586,11.950093965337,2.1211108790979,0.16370849864272,0.70557527667572
11917169,0.13389391979301,0.01228978007762,0.00064683053040103,0.51487710219922,0.71927554980595,0.74062095730918,10.256144890039,5.7373868046572,0.7522639068564,18.686287192755,18.585381630013,0.51487710219922,0.31630012936611,0.089262613195343
11917415,0.25210605367988,0.1594723437602,0.19143864690133,1.471690720303,1.396493175733,2.35401293019,10.45861541029,4.2602871924363,1.2332658525436,16.453267739103,15.58341859132,1.471690720303,0.32978514987266,0.16538235486188
11918415,0.68944212602783,0.78463030839643,0.40881765092675,1.5939870183137,1.6244946321964,2.7358610946543,8.5331475706538,3.852611636643,12.33377386866,22.527327296046,12.692886114023,1.5939870183137,0.35581994908887,0.75445472360206
7016683,0.074286118179248,0.16009329940628,0.036047497879559,0.12864009047215,0.25537178399774,0.31707661860334,1.8382810291207,0.54848741871643,0.076406559230987,20.612807463953,14.599236641221,0.12864009047215,0.1469465648855,0.085241730279898
7014619,0.25695561513256,0.16884122728627,0.091033661006851,0.31271969019958,0.68412272862675,1.0261543044385,3.0677986297289,1.3714626154304,6.072981829014,25.330089696488,14.505080594446,0.31271969019958,0.21441763479297,0.40983020554066
7016375,0.47730719237435,0.24891681109185,0.21815424610052,0.70499350086655,1.595212305026,2.1298743500867,5.625,3.0987868284229,23.760470826112,34.441555940689,13.340253706913,0.70499350086655,0.39482235701906,1.7124133448873
7015713,0.44641661085064,0.26155391828533,0.1415494530029,1.0888591203394,1.9792364367046,2.2371064969859,8.6184416164322,3.5458807769591,16.312172856044,29.495299049887,12.7811267396,1.0888591203394,0.28611297164546,0.78756418843492
7017491,0.78530793964878,0.28875304759549,0.2785767287375,1.1461432458217,2.3483622486838,2.895869403908,8.7906198838675,4.3384803834965,26.792182451346,36.236057618694,12.789182949955,1.1461432458217,0.41040952616515,1.8093706936151
7017317,0.72668885385648,0.25150347404683,0.32866234600339,1.087814561803,2.2498102411397,2.8884769337563,8.3719662910414,4.5826602570341,23.496785452469,33.813082657013,12.927379121984,1.087814561803,0.41892917615461,1.6535295148012
2165147,0.68262668045502,0.64822475008618,0.1609445018959,0.56749396759738,1.2851430541193,1.4230265425715,8.9579455360221,4.2191581447011,21.627025163737,37.781148263051,14.049216745184,0.56749396759738,0.22213029989659,0.85911754567391
6566107,0.3054892601432,2.0262529832936,0.29594272076372,1.1599045346062,2.436754176611,2.1694510739857,14.591885441527,6.7828162291169,86.82338902148,79.937947494033,1.255369928401,1.1599045346062,0.52028639618138,4.6921241050119
6566183,3.1187072715973,5.7768800497203,0.49285270354257,1.0839030453698,4.3737310959188,4.8877149368138,35.135464862003,9.1050341827222,113.62912321893,77.506387680409,0.61611767143153,1.0839030453698,0.65837994613632,5.4362958359229
6559401,1.9129681408262,1.4146812113575,0.25743315086835,0.8172724766668,2.1837514275588,2.3926278895759,13.340334387867,4.8775909371349,38.202435491846,38.675181699243,7.6898707867873,0.8172724766668,0.45870909305714,2.5054936399795
6561023,1.990459670425,1.3988591633865,0.33374474614717,1.2589232103543,2.8212355727534,3.1106515148146,15.685984536808,6.2910208226774,56.735680239583,52.881001623413,7.9148412539566,1.2589232103543,0.49759823870839,3.3332406727897
22471619,0.68804475087811,0.73995056589046,0.16027058670483,0.90568492259659,1.5191882398855,1.1895407831404,9.8297125016261,6.30779237674,41.37562696038,54.686122313285,15.541968402642,0.90568492259659,0.55210094965526,1.8640561987772
22471605,1.1251721772504,0.74765570895453,0.2793653155425,1.0137763681459,2.1593734990903,2.4977872693317,11.085315673792,5.2366938029319,35.073176015203,42.598429590308,11.893276909157,1.0137763681459,0.40253536813383,2.0098268216873
22474601,0.28852050594097,0.1449789191261,0.12974319662706,0.56285933307781,0.53689152932158,2.7380222307397,5.1935607512457,4.4501724798773,17.591456922618,34.446573825646,19.212235424386,0.56285933307781,0.22623610578766,0.75316213108471
22474307,0.94865112896523,0.60632965092118,0.23305686383156,0.90369164704253,1.8208373735975,2.2767350048483,9.4302361822967,4.7309097520432,29.457767696357,37.007722676271,11.3685240338,0.90369164704253,0.34343745671146,1.7357840421111
22475603,0.23683464120261,0.084712111184646,0.026567079512149,0.92710598468375,0.75673631464498,0.86007374491822,6.5464687529545,2.7176893258958,9.2029876146355,35.402813232065,23.991890159991,0.92710598468375,0.06268318048596,0.39406258863572
22476367,0.84778840727703,0.50511111708274,0.18780332141993,1.0144237228925,1.6705385214844,2.0320183806734,8.5535968613119,4.3694004783275,24.692983634751,35.079273372209,12.455459113751,1.0144237228925,0.32913497971139,1.453591486846
22473287,0.82486886537252,0.48603774967483,0.1870312585871,1.1832953719705,1.6361021720413,2.003700469581,8.1628328743367,4.3066748899324,22.923004585895,33.458351398057,12.264553043117,1.1832953719705,0.32247943674701,1.3506347587672
22477721,0.68466761109242,0.38980067562766,0.15433164505385,1.0847851115544,1.3883437646579,1.6952758181207,6.5193804693385,3.5941827795492,17.921473683213,26.607268919706,9.9116377574468,1.0847851115544,0.25951919569039,1.14205711091
17554809,0.074666030534351,0.10869910941476,0.010178117048346,0.42278944020356,0.47010178117048,0.4456106870229,1.3618797709924,1.6546596692112,0.1558524173028,5.6902830788804,3.9982506361323,0.42278944020356,0.022026081424936,0.30446882951654
17556923,0.62935377016406,0.34139203042004,0.19794743134911,1.0978811815206,1.3661381054117,1.9154471863423,5.9254787432133,3.2661479056822,16.016268449009,23.85142789941,8.8009957074815,1.0978811815206,0.23382112546306,1.0553009663067
17556269,0.0072289156626506,0.012048192771084,0.050602409638554,0.5566265060241,0.28192771084337,0.13975903614458,3.0963855421687,2.0939759036145,0.18795180722892,4.7301204819277,6.3036144578313,0.5566265060241,0.31566265060241,0.29879518072289
17557471,0.66140291839102,0.33694277776982,0.40151146306188,1.2450918620137,1.4383779874844,2.165774060974,5.9421047355835,3.1654697635788,15.890123580542,24.044327180559,9.2849727206335,1.2450918620137,0.265552102874,1.0484513052568
11919813,0.68776854705931,0.49086025913475,0.39168925102655,1.4733076133853,1.519397435244,2.3258529796951,6.8698188006763,3.4186109898487,14.05813801463,23.397027506753,10.684001409353,1.4733076133853,0.3109993773143,0.91100691158971
11919251,0.6858634831189,0.48985288106091,0.39004980154108,1.5054834441744,1.52982817809,2.322299046606,6.8770521707406,3.4306360795242,13.945288633556,23.376834591192,10.756363652347,1.5054834441744,0.31453870937966,0.90455510476785
6978574,16.565217391304,84.489130434783,1.7826086956522,9.5217391304348,15.282608695652,12.641304347826,240.45652173913,68.771739130435,1801.7874396135,1140.5760869565,2.8804347826087,9.5217391304348,6.9891304347826,64.467391304348
6979200,0.28852459016393,0.6192037470726,0.11990632318501,0.36252927400468,0.28384074941452,0.1231850117096,3.6416861826698,2.5625292740047,0.11943793911007,26.942388758782,19.408430913349,0.36252927400468,0.030444964871194,0.10585480093677
6978622,0.50793307370547,1.3119861531804,0.10630318765325,1.1749603346315,0.74239146112794,0.55033895860378,5.9484350209145,2.5976489254291,21.645031011106,31.929900475984,14.767136240524,1.1749603346315,0.16774844944468,1.0258185489687
6978600,0.1406160685932,0.53883772626231,0.10612892981899,0.82966020959035,0.50549380755795,0.37624642743728,3.5630358844077,1.9445538266116,4.8268021594157,15.225785963798,9.6139868035708,0.82966020959035,0.036456017783423,0.42000635122261
6978622,0.26055957375615,0.71959537721037,0.093562585261641,0.93135311832385,0.54361535095622,0.39705541684899,3.8149454182504,1.8909423180871,9.6840064176812,18.145393082975,9.6117932042361,0.93135311832385,0.08939280842192,0.60518390775012
6981542,0.29660597392596,0.6545097823496,0.084529768780828,1.2012761978107,0.61077800392394,0.40963015934136,4.0148686009294,1.735482333095,6.9349249133616,17.360711280619,9.9240067395632,1.2012761978107,0.16273355703467,0.46781084401416
6978670,0.26583451770376,0.62392634245814,0.084409565593524,1.1845146141012,0.71476240499289,0.64567756287462,4.2837545572514,1.4490514737688,2.8824692578632,20.938090039616,17.394522372586,1.1845146141012,0.38429215843787,0.30148921707965
6979864,0.30441680596085,0.5988327619911,0.089384366943366,1.5345444319578,0.80301442048899,0.61970327978771,5.2368945425013,1.9398039283582,4.1991502792704,17.468696846548,12.531859280875,1.5345444319578,0.32299251116714,0.33749799321944
6995615,0.49387605874109,0.12613490951191,0.049052464810188,2.424806532204,1.5805557248187,0.94918042776187,11.469813607404,3.8118741494526,0.55380537444397,19.865503490206,17.672597647919,2.424806532204,0.92480653220401,0.11047468161599
7003226,0.42245828448266,0.46416965692022,0.079878850321526,1.9925391693609,1.3976208240073,1.1791369121635,7.5220568207387,2.580659869021,2.6021837732855,17.469061238024,13.592626804514,1.9925391693609,0.49656032022359,0.24817387288166
7006188,0.29595733266008,0.10209234070755,0.094423580648215,1.9166535172153,2.1925079685676,2.5607662448323,7.0939011091124,2.5180989049137,0.39713447154985,15.513652637079,14.675979984782,1.9166535172153,0.48814971439392,0.14576955849402
7003390,0.062847608453838,0.03420467185762,0.063403781979978,0.44215795328142,0.45328142380423,0.51001112347052,2.4657953281424,1.0775862068966,0.91796440489433,23.371802002225,19.215517241379,0.44215795328142,0.22969966629588,0.1412680756396
7003390,0.4278092961324,0.45497172137091,0.11235514618315,2.1187262971475,1.7435631512105,1.7455230997069,7.6422610598663,2.8042424535391,2.104764959988,16.363240858334,13.264500762446,2.1187262971475,0.45444877547164,0.22254687836454
6586481,15.34375,14.340909090909,1.7897727272727,7.2755681818182,13.752840909091,21.375,92.767045454545,65.46875,235.70738636364,250.85227272727,2.5681818181818,7.2755681818182,1.8465909090909,17.34375
6587455,2.0860182059937,1.6788380893935,0.15516006955099,1.4485015853534,1.3829395520098,1.2638846271863,11.516597911197,6.6456990897003,22.696123555283,47.01794460923,25.016762697033,1.4485015853534,0.36596092871024,1.4660938938325
6588089,0.95172981878089,0.87580084202819,0.079205564708036,0.54124107633169,0.96877173714077,1.1427969979865,6.1718022250697,3.1912258221978,9.897024426953,33.358146724429,22.140460064678,0.54124107633169,0.4492586490939,0.60982976386601
6590904,0.47495239205627,1.5264466985348,0.096459523531926,0.39547627375539,0.59888850025261,0.5759200963818,6.5119462472849,3.1282111072247,15.549898738659,41.57833827765,23.276376528096,0.39547627375539,0.27845789125957,0.63013485678753
6591692,0.44569718134198,1.6764529807932,0.10099775505113,0.36986779745572,0.77500623596907,0.97924669493639,6.3849948726477,3.5812477481223,18.169646074111,44.234638729525,22.192400432361,0.36986779745572,0.29311549014717,0.79438762783737
6594140,0.7284980820301,1.2154126094226,0.10255237533196,0.49935969312482,0.95234287400413,1.1218353496607,6.4995573915609,3.5037080751451,17.814497885315,40.74102488443,21.197796793548,0.49935969312482,0.37620832103865,0.86259073473001
6602612,1.178361562392,9.6965088143795,0.29761493259592,0.66332526788801,2.4884203249222,2.8793639820256,24.978223297615,13.196681645351,213.90636402043,183.61716019511,17.011061182164,0.66332526788801,0.86830279986174,6.4154856550294
6603302,2.3677641489133,16.367333763719,0.60512158381752,1.614590058102,4.6279319991392,5.696148052507,40.451187145829,20.748009468474,334.49059130144,266.20519809674,11.843554981709,1.614590058102,1.720249623413,11.885517538197
6595944,0.92651573292402,1.9978346672514,0.14709735774586,0.77174925994957,1.511100756496,2.0865219456931,8.533850454994,4.3683989328655,33.59545736944,51.508332419691,20.416346891788,0.77174925994957,0.4675227496985,1.5847037970983
6595960,0.03727959697733,2.0664987405542,0.076574307304786,0.18841309823678,0.15617128463476,0.11536523929471,5.4453400503778,1.4554156171285,0.08816120906801,37.142569269521,28.399496221662,0.18841309823678,0.33299748110831,0.083123425692695
6597530,1.1090479508073,1.8587450398328,0.20869051585739,1.2970117832369,1.7777920819071,2.327378608427,8.0035894950474,4.1301154090813,28.560112682883,45.111698421834,18.453109381153,1.2970117832369,0.41939160330779,1.4346318117105
6597540,0.080459770114943,0,0.5632183908046,0.72413793103448,0.20689655172414,0.18390804597701,2.5402298850575,1.9080459770115,0.20689655172414,0.70114942528736,2.0229885057471,0.72413793103448,0,0.27586206896552
6597530,1.0035212424205,1.7350922026817,0.20098476537095,1.3802547645169,1.6577299811456,2.0755161970582,7.6483224827387,3.9782221667466,25.792246697193,41.753132000604,17.412937938102,1.3802547645169,0.4408858289701,1.4572162476432
6606826,4.1040754462782,13.471539238801,1.5776355675312,2.1421353991243,5.8214887167396,5.6685752778713,60.347292391752,31.551027281913,529.43377867595,367.01657872086,3.0690468171101,2.1421353991243,2.2630515325025,18.982485685416
6610460,2.5473659889094,5.0566492092832,0.57800369685767,1.3848890942699,2.7383548983364,3.3608595194085,25.050061614295,12.929194906552,163.50585335798,129.59950708564,14.460926268228,1.3848890942699,0.77097966728281,6.2216574245225
6618888,0.052044609665428,0.028004956629492,0.025526641883519,0.21462205700124,0.2,0.091449814126394,2.5628252788104,2.0907063197026,0.22255266418835,27.53209417596,16.67980173482,0.21462205700124,0.51078066914498,0.12540272614622
6618164,0.028735632183908,0.03448275862069,0.040229885057471,0.18965517241379,0.18965517241379,0.074712643678161,4.1379310344828,1.7528735632184,0.11206896551724,26.908045977011,20.859195402299,0.18965517241379,0.20402298850575,0.086206896551724
6618098,0.1958228976525,0.25062614084985,0.086683363755996,0.42806809016428,0.54714097720423,0.46045761344823,3.8964638960818,2.604830835845,0.64889417158382,16.282397777495,15.241895544141,0.42806809016428,0.27894044233137,0.25495606401494
6620370,0.20477872428839,0.24612507791398,0.11705796800332,0.45293995429046,0.60569291502182,0.54091003532101,3.973904009973,2.7037190941201,0.64292541034698,16.050926887827,15.024586190179,0.45293995429046,0.27704134635363,0.25356326615417
6621580,0.43444776660324,0.33077376098578,0.32268732445411,1.5896076832473,1.8977983147594,1.6680483827127,8.1571834133672,5.4592884539881,4.1033191386548,21.245029345736,14.661391481179,1.5896076832473,0.303728368216,0.36841986046933
6609910,0.96361423597275,1.9742654446499,0.34642539669565,1.5797097994072,1.8299257866648,1.7485828851811,11.206735850706,6.3002659963966,42.33815714336,50.903172997563,16.73779203691,1.5797097994072,0.36390759264746,1.7860585192073
6609910,0.98314395364587,1.8327292413943,0.33506095266762,1.7573536174447,1.802461935937,1.6876426618507,10.586031889365,5.9866033728815,39.015873613097,47.407630370984,15.780804508324,1.7573536174447,0.35754195199037,1.6552328157791
6609898,0.90445698397121,1.5938101988151,0.29975466143278,1.6764529495148,1.6136099298513,1.4887598589758,9.3034202013594,5.3280085777632,33.922236760804,41.265856140733,13.739595827427,1.6764529495148,0.31505561007524,1.480854505143
6609678,0.062845863734095,0.061330231574495,0.045222233971309,0.47407564061894,0.2282612526876,0.096119276726235,0.82979098375101,0.82379894963167,0.0091995347361743,1.6682880406048,2.1067991963625,0.47407564061894,0.028374043918085,0.32522646364245
6609678,0.68442568904128,1.1671172359225,0.22751022022946,1.3998219701965,1.2503164974285,1.1194711855466,6.9498219701965,4.0993999736252,24.617235922458,30.255637610444,10.354411182909,1.3998219701965,0.23494593168931,1.1686535671898
6597530,0.84194163529041,1.4332229885356,0.21195492214682,1.3895550364982,1.4425757659434,1.5816069624427,7.2176543013355,4.0017152714385,24.884170448602,35.566543110814,13.718468080683,1.3895550364982,0.33465660460719,1.2992921256696
22248729,,,,,,,,,,,,,,
22248729,,,,,,,,,,,,,,
22250453,0.68812127236581,0.24956510934394,0.23421968190855,5.2315482107356,1.524726640159,0.93569831013917,9.0819665341286,4.6829647117296,0.19048210735586,15.324856417053,12.240515241882,5.2315482107356,0.50515656063618,0.11530815109344
22250857,0.77038094838086,0.14809525809568,0.81469192322231,6.8692511235247,2.1339829476248,1.9290604393297,15.002403386208,6.9830269599265,1.9954218992818,13.780409835683,8.7565859782249,6.8692511235247,0.5553782183208,0.15956151035323
22251407,0.72528032619776,0.14285052358447,0.59262348253174,7.3525777654218,3.8859234547308,2.7136039292003,18.681926296605,9.7753271759388,0.56630525437865,9.4696197448491,6.0996818336268,7.3525777654218,1.0640348438514,0.11213047910296
22253493,0.79005247469491,1.1156027521795,0.24681873685391,2.1831422909969,1.5943533036147,1.5780917539417,7.8686938358685,4.245258875974,18.816796776937,29.111391127804,12.059211344088,2.1831422909969,0.38325538091072,1.0142361678118
22252363,0.68228829993536,0.289592760181,0.80004309416074,14.615863439393,4.1752854988149,1.9157509157509,22.674591204003,8.577677224736,1.0565610859729,9.6937082525318,6.83430295195,14.615863439393,0.54880413703943,0.063671622495152
22249805,0.81346330045299,1.0859909215744,0.25459691464088,2.4905054216432,1.6641285620697,1.5529772992733,8.2150658966869,4.2936010388666,18.031912041387,28.267382247412,11.914209577809,2.4905054216432,0.38233833571523,0.97449694471579
4996275,0.58521939953811,0.3094688221709,0.15334872979215,10.612933025404,3.7812933025404,0.055427251732102,17.093071593533,4.8709006928406,0.76812933025404,10.361893764434,10.652193995381,10.612933025404,0.48498845265589,0.084064665127021
4993719,0.8159978645787,1.0661204916032,0.25177666595942,2.5923923334725,1.6804465220694,1.5272437323332,8.2614339719064,4.2849418576796,17.657059552246,27.817740879401,11.836827347994,2.5923923334725,0.38576750828731,0.95624439623016
4994087,0.69657759742746,0.42324477451956,0.38863792971442,19.252396872793,5.6758288033076,1.0641604777582,25.453300325822,9.8963836357604,1.3161319960187,9.8592927204825,6.5975040196003,19.252396872793,1.0875124416201,0.070744965929102
4994631,0.79330625761376,0.97961720109371,0.24271595351522,3.0278994952576,1.8449760981793,1.5560752943303,8.669797425136,4.3261165652868,15.975208665874,25.726453060193,11.201336118969,3.0278994952576,0.42198269043907,0.8752113364682
5000781,0.81893736608875,0.93517087026961,0.25749951748084,3.1420477918169,2.0953418867571,1.9802001430986,9.0128730263017,4.4653590234982,15.212181707942,24.6962078868,10.888751552347,3.1420477918169,0.43144036355625,0.83603316612501
5798278,0.85941960038059,0.12036156041865,0.23453853472883,3.8848715509039,4.0066603235014,2.9276879162702,21.116555661275,9.1941008563273,2.3991436726927,8.9184110371075,6.5687440532826,3.8848715509039,1.1029971455756,0.12630827783064
7241925,2.8015414258189,5.4238921001927,0.26782273603083,1.8015414258189,3.3892100192678,0.69556840077071,26.375722543353,37.387283236994,245.37786341255,174.08477842004,4.3159922928709,1.8015414258189,1.4624277456647,10.485549132948
7242877,0.84255319148936,1.8893617021277,0.30212765957447,1.3063829787234,2.6468085106383,0.56170212765957,12.276595744681,42.331914893617,188.2170212766,146.28510638298,5.3659574468085,1.3063829787234,1.7617021276596,10.025531914894
7242941,1.8414487538333,0.98786375839156,0.49399879438278,1.3113088953732,2.0087824753129,1.6792509159374,10.74398249453,6.5453118762447,22.891285126184,39.003089537096,19.029077794338,1.3113088953732,0.44907296729392,1.1896948324318
7226476,1.6066923383349,0.84964432725686,0.41932962801373,1.188819545877,1.8461217444088,1.4425232847089,9.8951002522905,6.3020372934727,20.259688525523,36.952216552535,18.987897642127,1.188819545877,0.49111007834285,1.0687159739742
17243674,0.22875816993464,0.066993464052288,0.086601307189542,0.35947712418301,0.3937908496732,0.17156862745098,3.171568627451,4.4509803921569,0,35.573529411765,29.883986928105,0.35947712418301,0.5343137254902,0.089869281045752
17243674,0.25337655321448,0.067531064289573,0.12209616423555,0.97244732576985,0.86547811993517,0.3030794165316,6.343057806591,5.7093462992977,0,25.045921123717,20.843868179363,0.97244732576985,0.60831982712048,0.1010264721772
17243674,0.26442762535478,0.052743614001892,0.14593188268685,1.5747398297067,1.2284768211921,0.51158940397351,7.0163197729423,5.2599337748344,0.0023651844843898,14.786896877956,12.380794701987,1.5747398297067,0.4344843897824,0.23746452223273
17239300,,,,,,,,,,,,,,
17239458,0.17629774730656,0.20274240940255,0.041136141038198,0.19784524975514,0.3837740777016,0.15230166503428,4.3635324844923,2.8039503754489,21.297928682845,32.015816011898,17.092066601371,0.19784524975514,0.35683969964087,0.82745674175645
17240296,0.23666172285245,0.21092716559105,0.055076762737002,0.39700164348419,0.58796648895659,0.1828676794805,4.5984598459846,4.7059321316747,16.012479790489,32.750987649372,17.31893837157,0.39700164348419,0.57093037238947,0.94973343488195
17234886,0.57580185032127,0.48112219052444,0.18691310955288,0.51409803503346,0.45994014450636,0.2211427200256,6.3574799370784,1.8401365078519,0.73776894979604,35.324672727757,27.920788119551,0.51409803503346,0.40653211400539,0.15150171967899
17236152,0.51673294244152,0.44967132625941,0.16407210533791,0.46182718253566,0.40304986913916,0.19688470044026,5.8496317636795,1.5432905922214,0.5656890989876,35.642283268072,29.004037411999,0.46182718253566,0.33772139828359,0.14745125687273
14619980,15.055716213611,2.1131675342202,0.20532099479468,1.7135145556198,2.2382880277617,1.3788316946212,26.277874172611,13.618662039715,48.160786581839,54.330912751965,1.8542510121457,1.7135145556198,0.80817428185849,4.2057065741276
14619920,0.33244037896112,0.24560601110748,0.076314929761516,0.2514864423391,0.27677229663509,0.1484482195361,4.7639333551127,4.2261352499183,6.3108787977785,31.304511960507,24.00653381248,0.2514864423391,0.25730153544593,0.34518131329631
14620570,0.38900939985539,0.38322487346349,0.049891540130152,0.41287057122198,0.5177151120752,0.29934924078091,8.7881417208966,7.5849602313811,44.259580621837,71.080983369487,33.720896601591,0.41287057122198,0.14967462039046,1.1482284887925
14619302,4.2577604460468,1.661283202119,0.21999852843794,0.86899418732985,1.5483776028254,1.2090353910676,14.534087100123,9.4647192995365,40.316304090125,56.439719095153,17.296413476238,0.86899418732985,0.46961224339637,2.1865940696049
14623006,1.8743081609298,0.83031461210955,0.21143226495426,0.73889583655346,1.2589964449815,1.1453201624348,9.4234219043471,6.5393916968383,17.855185689997,35.244019153696,19.454085304831,0.73889583655346,0.35176416035522,0.98665111638821
17226761,0.34271773089479,0.16365359637729,0.10601326921052,0.3723452803033,0.54463439463615,0.43577772317197,6.11885343412,2.9982097096921,6.1543862112543,27.836557026012,21.853867066069,0.3723452803033,0.26854354617896,0.3502299294415
14626248,3.3532763532764,1.7407407407407,3.962962962963,4.3076923076923,9.8547008547009,15.42735042735,14.196581196581,1.2621082621083,0.014245014245014,30.997150997151,27.509971509972,4.3076923076923,0.1025641025641,0.042735042735043
17246842,4.2666666666667,2.9333333333333,47.2,53,67.166666666667,40.8,187.26666666667,63.333333333333,138.86666666667,140.43333333333,1.0666666666667,53,2.2,15.833333333333
17208696,0.71927659988961,0.1896490145784,0.14149810058768,1.3576739504529,1.6189811357512,1.4915419331796,10.303184446825,5.4719309068476,15.489608248464,31.613580527506,15.114812529988,1.3576739504529,0.35650508133381,0.77314198512939
17207046,0.2645218945487,0.076854334226988,0.033065236818588,0.52725647899911,0.55853440571939,0.50938337801609,6.0205540661305,2.2913315460232,0.40303842716711,37.739946380697,30.367292225201,0.52725647899911,0.24754244861483,0.070598748882931
7309917,0.22586678175802,0.028916702632715,0.090634441087613,1.2724787800317,0.76204862609696,0.39246151632859,7.0292044310171,3.1949359804345,0.29679182851388,27.86153870746,21.368308316949,1.2724787800317,0.40684793554884,0.10386994677025
19206967,0.26538925277805,0.082412748069215,0.075862743181152,0.7566396193828,0.57672630103953,0.28282334539056,6.2978894428694,2.9170332714179,0.12894711115456,24.4037105832,20.09229387761,0.7566396193828,0.26112034411966,0.12370058982631
19209951,0.36747774480712,0.10416278083934,0.082628232301823,1.0401017380246,0.76239084357779,0.41546417973718,7.5369224247563,2.9733691300457,1.7822956996844,27.365456172578,22.165512693703,1.0401017380246,0.36601949978805,0.18384061042815
19210229,0.41635547350313,0.18990475391264,0.079679436076029,1.1770514272927,0.81128407390313,0.40934838249486,7.6949483364958,3.2291982327647,1.8139492238431,27.881975039278,22.76473175227,1.1770514272927,0.37613113470118,0.17563882012336
19165603,0.59499047898052,0.15636443533031,0.20353010106928,1.709389189981,1.2658561593672,0.50871539475612,13.589912601924,6.0142082906108,17.914489852384,34.565288153248,16.252298878635,1.709389189981,0.29485864948001,0.70462868024022
19166555,0.69181617878502,0.10254957507082,0.22071136292099,1.6830028328612,1.1102612527542,0.52716399118665,13.483719791557,6.5887454971497,10.860315461826,30.421641660546,16.683663833805,1.6830028328612,0.29266603714196,0.56295247088448
19166555,0.69430051813472,0.16507859840169,0.18266444190744,1.7731184684289,1.1328488627382,0.54316325634495,11.169413463696,5.4575636934906,7.6475366646175,26.493906306412,15.943424763131,1.7731184684289,0.28280056204444,0.44254412927022
659478,0.53195262448535,0.18526577183686,0.12063585842734,1.4553292838284,0.96033269944427,0.46860218230157,9.0302697413363,4.1005391134169,3.9754998799919,27.267045769252,20.038587227443,1.4553292838284,0.33665048095563,0.27614146188357
3701170,0.17291066282421,0.034582132564842,0.07492795389049,0.49279538904899,0.089337175792507,0.028818443804035,8.342939481268,2.135446685879,0.0835734870317,35.495677233429,41.242074927954,0.49279538904899,0.18731988472622,0.057636887608069
3701184,0.08936170212766,0,0.034042553191489,0.65531914893617,0.11489361702128,0.038297872340426,8.0425531914894,1.8723404255319,0.08936170212766,29.863829787234,26.225531914894,0.65531914893617,0.48085106382979,0.05531914893617
3701606,0.24713584288052,0.057283142389525,0.091653027823241,1.3109656301146,0.16857610474632,0.057283142389525,8.7872340425532,4.8788870703764,0.044189852700491,17.736497545008,15.121112929624,1.3109656301146,0.085106382978723,0.09328968903437
19129073,0.84048391619597,0.2266554500661,0.76921844329608,2.8252613868525,1.0489524496254,0.53110603693466,20.972951078708,11.562490263368,10.806749544882,24.06045391624,13.262561924982,2.8252613868525,0.24624444177383,0.56419500861275
3722251,1.0933289516924,0.14788038120276,0.74367400591522,3.9842260926717,1.3200788695366,0.52645415708183,18.91521524811,9.6526454157082,10.570489648373,21.578376602037,11.759119290174,3.9842260926717,0.1873151495235,0.60335195530726
5136971,1.2106600882111,0.11590790162219,1.1339612768184,10.511865307784,1.5765866786275,0.29147043432758,24.699774903857,8.9865274559152,0.82473648800179,13.338566195709,8.4696369390247,10.511865307784,1.0650743814009,0.066681617702026
5124346,0.67891615304105,0.22386323991162,0.14455169205722,6.3848121874637,1.5190138388185,0.1610652401442,20.468271504439,6.5804163274799,1.2222351436214,13.359434559574,9.8497499709269,6.3848121874637,1.0945458774276,0.080707058960344
5123776,0.79331913760979,0.35786531807293,0.16542454085707,7.3870109129625,1.9422411498536,3.8662496672877,20.829118977908,6.9137609795049,2.8606601011445,10.679930795848,7.8160766569071,7.3870109129625,0.81381421346819,0.18964599414426
940280023,,,,,,,,,,,,,,
5121602,1.287370347773,0.62111043319097,0.18355223017886,7.0690657903657,2.278860666003,1.4007578433576,18.784596227196,6.7676054076619,1.5764747439067,11.133660875801,7.9361256507141,7.0690657903657,1.0494524902861,0.12507626601586
13335854,2.3700752148997,2.9964581343521,5.8940226042662,3.808575095511,8.2254855141675,5.9405593361987,61.215576249602,13.043566937281,194.40564310729,137.80767470551,6.4931550461636,3.808575095511,3.1291537328876,5.0171621298949
13337464,0.57086910720426,0.58872010960041,0.81406684096479,1.2585980099448,2.8021516175339,3.3902713265033,14.3924218524,5.6205413430416,21.525645294224,29.889035047022,10.734017062294,1.2585980099448,0.38557182701912,0.64527784903745
13326216,1.7040572792363,0.07557677008751,0.58339962874569,14.937947494033,7.1941129673827,7.9779899230973,8.2407849376823,4.4351630867144,10.86528772209,1.2659771943781,0.054892601431981,14.937947494033,0.23203394325113,1.8514982763193
13311281,0.12871287128713,0.052631578947368,0.18994267847837,3.588587806149,0.25742574257426,0.073475768629495,6.0203230849401,4.0445544554455,0.24726420010422,12.570088587806,6.4168837936425,3.588587806149,0.18863991662324,0.17535174570089
13374421,0.40216035891232,0.13176505260968,0.72060092799093,2.8051479101629,2.3105042282159,3.3641714269439,7.4415485833093,5.8752945634393,5.3611846186804,22.132348297507,8.1089615392712,2.8051479101629,0.42390387727834,0.36501471733674
6566321,67.192727272727,4.7236363636364,1.1963636363636,2.4981818181818,4.9163636363636,8.5309090909091,27.36,10.723636363636,53.316363636364,49.745454545455,0.29454545454545,2.4981818181818,2.4254545454545,8.2
17556227,0.025500910746812,0.0091074681238616,0.054644808743169,0.67213114754098,0.30601092896175,0.13114754098361,2.1384335154827,1.2568306010929,0.18032786885246,10.151183970856,8.4972677595628,0.67213114754098,0.016393442622951,0.21311475409836
6587345,0.32815665091155,0.69480081026334,0.094530722484808,0.51046590141796,1.0979068197164,0.5185685347738,7.9277515192438,5.4740040513167,70.376772451047,75.972691124615,18.189736664416,0.51046590141796,0.29169480081026,2.5725860904794
6594256,0.96356044790283,1.6285822736762,0.15771493642057,0.78781552476751,1.6547732017461,1.364015942304,10.661226039097,7.4091858037578,86.558064992303,94.345332236773,13.240273296641,0.78781552476751,0.52438792939837,3.3499715315999
6607380,7.4334880742757,14.146630382584,1.4494957579638,3.3960300944453,6.3430446614375,6.6175764366896,70.343275883535,36.690322465895,527.89249951088,364.61234726002,3.9924763886666,3.3960300944453,2.0651512726109,19.692118883731
7226580,1.5640101549878,0.81533900260976,0.39631349086584,1.2691426846805,1.8999591670069,1.4426829051787,9.9707067658494,6.2730306957587,18.972428852948,35.840005681112,18.826850355957,1.2691426846805,0.49931649120315,1.0073499387505
14621378,267.77777777778,1.8888888888889,2.5555555555556,7.1111111111111,51,56.333333333333,102.55555555556,34,16,101.55555555556,0.11111111111111,7.1111111111111,7.2222222222222,27.111111111111
5121296,1.6102473176941,0.7856883069649,0.189852700491,7.6436119698531,2.3800236406619,1.6152482269504,20.461346507446,7.0024853003576,1.6623931623932,12.045927542381,8.6599078620355,7.6436119698531,0.97099472631388,0.11002000363702
5124346,0.65772014475271,0.24306393244873,0.24427020506635,6.1266586248492,1.0135705669481,0.18998793727382,23.541314837153,6.5265379975875,1.8003618817853,18.578407720145,12.814535585042,6.1266586248492,1.4369722557298,0.053679131483715
3701254,0,0,0.027027027027027,0,0.027027027027027,0.054054054054054,7.1621621621622,1.1351351351351,0.18918918918919,15.864864864865,28,0,0.027027027027027,0.027027027027027
11915387,0.022346368715084,0,0.0027932960893855,0.79888268156425,0.72625698324022,0.70111731843575,5.3826815642458,2.9078212290503,0.12290502793296,21.695530726257,14.804469273743,0.79888268156425,0.033519553072626,0.08659217877095