GRIDCODE,C_D,nodata,B_D,C,B,A,D,A_D,total
6979044,1.81812e+07,0,982769,1.31036e+06,1.50691e+07,0,0,0,3.55435e+07
2165863,5.73282e+06,0,491384,491384,1.31036e+06,327590,0,327590,8.68112e+06
14803821,4.91384e+06,0,1.63795e+06,1.60519e+07,818974,0,0,0,2.34227e+07
22477379,5.86455e+09,2.79925e+08,2.00945e+09,2.96011e+09,3.75649e+09,8.9006e+08,3.13012e+08,1.34967e+08,1.62086e+10
5120872,2.94831e+06,327590,0,1.96554e+06,0,0,6.2242e+06,0,1.14656e+07
14623416,3.2759e+06,491384,818974,1.2776e+07,491384,163795,1.31036e+06,0,1.93278e+07
6619976,4.09487e+06,163795,655179,1.37588e+07,327590,163795,982769,0,2.01468e+07
6609926,2.78451e+06,3.1121e+06,0,1.01553e+07,327590,0,491384,0,1.68709e+07
22249009,1.44139e+07,1.8345e+07,0,0,1.70347e+07,982769,327590,0,5.1104e+07
13357294,0,491384,0,1.80174e+06,655179,0,327590,0,3.2759e+06
13337704,3.1121e+06,163795,2.29313e+06,491384,2.29313e+06,982769,163795,0,9.5001e+06
17539093,1.80174e+06,163795,0,7.04318e+06,0,0,0,0,9.00871e+06
17539093,1.80174e+06,163795,0,7.04318e+06,0,0,0,0,9.00871e+06
5121448,818974,0,0,491384,0,0,2.62072e+06,0,3.93108e+06
17218568,0,163795,0,655179,1.80174e+07,0,0,0,1.88364e+07
6597134,1.15639e+08,4.42246e+06,1.21208e+07,4.42246e+06,8.58285e+07,491384,0,0,2.22925e+08
19166665,5.40523e+06,0,0,1.68709e+07,0,0,1.63795e+06,0,2.3914e+07
17243636,0,0,0,655179,1.01553e+07,0,0,0,1.08105e+07
17539225,2.12933e+06,0,0,5.89661e+06,655179,163795,0,0,8.84492e+06
6609790,163795,1.47415e+06,0,0,1.14656e+06,0,0,0,2.78451e+06
6609766,1.03191e+07,4.25866e+06,0,0,9.66389e+06,0,0,0,2.42416e+07
6609988,1.80174e+06,0,0,5.89661e+06,0,0,655179,0,8.35353e+06
22471909,1.42501e+07,655179,7.37077e+06,1.09743e+07,6.388e+06,6.55179e+06,0,0,4.61901e+07
22474117,9.82769e+06,0,4.42246e+06,0,1.17932e+07,5.89661e+06,0,0,3.194e+07
13310287,2.94831e+06,163795,1.31036e+06,163795,4.09487e+06,491384,0,0,9.17251e+06
7017239,1.80174e+06,327590,3.2759e+06,1.14656e+06,5.56902e+06,0,163795,0,1.22846e+07
6609812,1.09743e+07,5.73282e+06,0,163795,1.70347e+07,0,0,0,3.39055e+07
6572456,2.6371e+07,0,7.04318e+06,3.43969e+06,2.30951e+07,327590,0,327590,6.06041e+07
22254479,8.35353e+06,327590,0,1.94916e+07,0,163795,1.14656e+06,0,2.94831e+07
22254495,3.1121e+06,327590,0,5.24143e+06,0,0,818974,0,9.5001e+06
22254523,6.87938e+06,0,0,2.12933e+07,163795,0,818974,0,2.91555e+07
22254467,3.2759e+06,0,0,1.01553e+07,0,0,491384,0,1.39226e+07
22254471,7.53456e+06,0,0,1.06467e+07,0,0,327590,0,1.85088e+07
3722953,8.68112e+06,0,0,1.42501e+07,0,0,7.04318e+06,0,2.99744e+07
13210192,0,163795,163795,2.94831e+06,163795,163795,818974,0,4.42246e+06
13210172,0,0,163795,3.2759e+06,491384,0,2.45692e+06,0,6.388e+06
13211112,163795,491384,818974,9.17251e+06,818974,0,982769,0,1.24484e+07
13211112,163795,491384,818974,9.17251e+06,818974,0,982769,0,1.24484e+07
22476391,5.89661e+06,0,0,7.20697e+06,327590,0,0,0,1.34312e+07
17540033,1.80174e+06,0,163795,4.91384e+06,1.47415e+06,0,0,0,8.35353e+06
22477611,2.48968e+07,0,491384,2.70261e+07,1.55605e+07,655179,0,0,6.863e+07
22471909,1.42501e+07,655179,7.37077e+06,1.09743e+07,6.388e+06,6.55179e+06,0,0,4.61901e+07
22474229,1.13018e+07,0,5.56902e+06,6.71559e+06,4.42246e+06,1.47415e+06,163795,0,2.96469e+07
22474241,5.07764e+06,0,4.25866e+06,982769,2.29313e+06,982769,327590,0,1.39226e+07
22474413,1.26122e+07,163795,2.12933e+06,3.93108e+06,9.17251e+06,327590,0,0,2.83365e+07
7017365,3.21038e+07,0,2.85003e+07,1.06467e+07,7.37077e+06,2.62072e+06,0,0,8.12422e+07
22475155,1.03191e+07,0,491384,1.17932e+07,1.96554e+06,0,0,0,2.45692e+07
22474973,7.37077e+06,0,0,2.62072e+06,3.43969e+06,0,163795,0,1.3595e+07
22474253,5.40523e+06,2.62072e+06,0,491384,7.53456e+06,0,163795,0,1.62157e+07
22474269,1.2776e+07,1.14656e+06,5.89661e+06,7.20697e+06,6.388e+06,1.47415e+06,163795,0,3.50521e+07
6598056,2.37502e+07,0,2.12933e+06,655179,7.20697e+06,0,0,0,3.37417e+07
6595028,6.87938e+06,163795,327590,163795,8.51733e+06,0,0,0,1.60519e+07
6948750,1.31036e+07,0,1.14656e+06,1.14656e+06,163795,1.47415e+06,0,0,1.70347e+07
6949904,4.75005e+06,655179,3.1121e+06,0,4.42246e+06,818974,327590,0,1.40864e+07
22472913,5.73282e+06,163795,1.14656e+06,163795,818974,2.12933e+06,0,163795,1.03191e+07
22472845,3.43969e+06,0,1.80174e+06,0,2.29313e+06,2.62072e+06,0,163795,1.03191e+07
6947786,3.60349e+06,0,2.45692e+06,0,3.43969e+06,163795,0,0,9.66389e+06
6606184,3.60349e+07,0,491384,0,1.98192e+07,163795,1.80174e+06,0,5.83109e+07
6606174,3.06296e+07,0,491384,0,1.40864e+07,327590,2.12933e+06,0,4.76643e+07
6606256,1.26122e+07,163795,0,1.17932e+07,0,0,0,0,2.45692e+07
2165369,4.09487e+06,0,0,0,982769,0,163795,0,5.24143e+06
6560899,5.73282e+06,0,1.47415e+06,1.96554e+06,6.71559e+06,491384,0,163795,1.65433e+07
6618238,1.14656e+06,0,163795,2.62072e+06,0,0,0,0,3.93108e+06
19166495,2.45692e+06,0,0,1.63795e+07,1.14656e+06,0,2.45692e+06,0,2.24399e+07
19166081,163795,2.12933e+06,0,4.02935e+07,0,0,2.29313e+06,0,4.48798e+07
17555191,1.17932e+07,163795,0,1.17932e+07,0,0,0,0,2.37502e+07
14795691,7.53456e+06,163795,0,5.07764e+06,982769,0,0,0,1.37588e+07
17556305,6.06041e+06,0,0,1.55605e+07,0,0,0,0,2.16209e+07
17556319,9.66389e+06,163795,0,2.12933e+07,0,0,0,0,3.1121e+07
17556359,6.71559e+06,0,0,1.08105e+07,0,0,0,0,1.7526e+07
17555159,9.5001e+06,327590,0,9.5001e+06,0,0,0,0,1.93278e+07
6566271,327590,163795,327590,163795,0,0,163795,0,1.14656e+06
6566521,1.81812e+07,0,9.3363e+06,1.63795e+06,1.42501e+07,491384,0,0,4.3897e+07
14622890,4.09487e+06,163795,0,1.52329e+07,0,327590,0,0,1.98192e+07
14622672,1.96554e+06,163795,491384,1.44139e+07,1.31036e+06,982769,0,0,1.93278e+07
14623416,3.2759e+06,491384,818974,1.2776e+07,491384,163795,1.31036e+06,0,1.93278e+07
6949278,4.09487e+06,327590,2.62072e+06,0,2.94831e+06,491384,0,163795,1.06467e+07
6948406,9.17251e+06,0,3.43969e+06,0,1.63795e+06,163795,0,0,1.44139e+07
5135699,3.2759e+06,655179,0,6.87938e+06,0,0,6.2242e+06,0,1.70347e+07
22253177,2.45692e+06,163795,0,3.2759e+06,0,0,5.40523e+06,0,1.13018e+07
14621980,1.34312e+07,0,0,3.43969e+06,1.96554e+06,0,0,0,1.88364e+07
13309017,0,0,982769,6.71559e+06,327590,0,0,0,8.02594e+06
13312723,163795,0,0,9.5001e+06,491384,0,3.1121e+06,0,1.32674e+07
14795813,1.96554e+06,163795,0,2.45692e+06,2.45692e+06,163795,0,0,7.20697e+06
14795867,6.71559e+06,0,1.80174e+06,818974,2.29313e+06,1.31036e+06,0,0,1.29398e+07
13375337,7.53456e+06,0,0,9.5001e+06,491384,163795,0,0,1.76898e+07
14796819,5.07764e+06,0,163795,6.06041e+06,655179,0,818974,0,1.2776e+07
17206790,655179,0,0,1.53967e+07,163795,0,0,0,1.62157e+07
6609988,1.80174e+06,0,0,5.89661e+06,0,0,655179,0,8.35353e+06
6609988,1.80174e+06,0,0,5.89661e+06,0,0,655179,0,8.35353e+06
5103020,2.29313e+06,818974,0,1.63795e+06,2.29313e+06,0,8.35353e+06,0,1.53967e+07
13376213,2.12933e+06,0,163795,0,3.93108e+06,327590,818974,0,7.37077e+06
13376235,491384,0,491384,163795,4.25866e+06,163795,818974,0,6.388e+06
13312981,0,0,0,4.91384e+06,491384,0,491384,0,5.89661e+06
6950330,4.75005e+06,0,0,327590,4.25866e+06,655179,0,0,9.99148e+06
13376323,1.1138e+07,0,982769,2.94831e+06,1.17932e+07,982769,1.96554e+06,0,2.98107e+07
11919497,5.07764e+06,0,0,3.2759e+06,0,0,163795,0,8.51733e+06
13372991,0,327590,0,2.78451e+06,491384,0,0,0,3.60349e+06
13373197,0,0,655179,1.17932e+07,491384,0,491384,0,1.34312e+07
6947600,3.1121e+06,0,1.47415e+06,163795,4.42246e+06,818974,0,0,9.99148e+06
6947628,2.62072e+06,0,3.93108e+06,0,3.1121e+06,163795,0,0,9.82769e+06
6947624,4.91384e+06,0,2.94831e+06,0,3.60349e+06,327590,0,0,1.17932e+07
6947622,2.94831e+06,0,2.62072e+06,163795,2.78451e+06,0,0,0,8.51733e+06
13372001,1.14656e+06,0,2.45692e+06,1.31036e+06,2.12933e+06,163795,163795,0,7.37077e+06
13311345,1.31036e+06,0,2.78451e+06,0,5.24143e+06,1.14656e+06,327590,0,1.08105e+07
13311949,5.24143e+06,0,1.63795e+06,982769,7.04318e+06,818974,491384,0,1.62157e+07
6947592,8.18974e+06,0,5.40523e+06,655179,1.21208e+07,1.47415e+06,163795,0,2.80089e+07
6948006,2.12933e+06,0,1.47415e+06,0,3.43969e+06,655179,0,0,7.69836e+06
6947530,2.12933e+06,0,982769,0,3.1121e+06,327590,0,0,6.55179e+06
13312253,2.12933e+06,0,491384,491384,2.78451e+06,0,0,0,5.89661e+06
13310957,818974,2.62072e+06,0,7.37077e+06,2.62072e+06,982769,1.31036e+06,0,1.57243e+07
7016519,1.80174e+07,163795,9.66389e+06,327590,5.89661e+06,0,0,0,3.40693e+07
7016519,1.80174e+07,163795,9.66389e+06,327590,5.89661e+06,0,0,0,3.40693e+07
6560531,7.37076e+06,0,1.01553e+07,327590,2.04743e+07,163795,1.14656e+06,0,3.96383e+07
22472361,4.25866e+06,0,7.53456e+06,982769,8.35353e+06,0,0,0,2.11295e+07
6619852,7.27249e+07,0,1.31036e+06,1.96554e+06,3.73452e+07,0,0,0,1.13346e+08
22474233,2.94831e+06,0,1.47415e+06,327590,2.12933e+06,0,163795,0,7.04318e+06
22474277,6.71559e+06,0,3.43969e+06,0,5.56902e+06,0,0,0,1.57243e+07
22474923,1.06467e+07,0,0,8.18974e+06,1.63795e+06,0,0,0,2.04743e+07
6620932,1.47415e+06,0,0,1.85088e+07,163795,0,327590,0,2.04743e+07
19163815,1.96554e+06,0,0,5.24143e+06,0,0,0,0,7.20697e+06
6620116,1.2776e+07,0,0,163795,6.06041e+06,0,0,0,1.90002e+07
6572090,8.02594e+06,0,2.78451e+06,491384,1.32674e+07,0,0,0,2.45692e+07
7003320,1.2776e+07,0,0,7.37077e+06,0,0,1.63795e+06,0,2.17847e+07
13309523,6.2242e+06,0,2.94831e+06,982769,655179,0,491384,0,1.13018e+07
13309567,7.04318e+06,0,3.43969e+06,1.47415e+06,327590,0,0,0,1.22846e+07
13310379,1.22846e+07,0,9.17251e+06,2.29313e+06,4.58625e+06,0,818974,0,2.91555e+07
13309931,2.29313e+06,0,1.80174e+06,0,1.96554e+06,163795,163795,0,6.388e+06
13310423,3.2759e+06,0,3.93108e+06,327590,2.62072e+06,0,0,0,1.01553e+07
17543627,4.09487e+06,0,0,1.2776e+07,163795,163795,327590,0,1.7526e+07
17542921,6.71559e+06,0,0,2.08019e+07,0,0,982769,0,2.85003e+07
11917269,4.58625e+06,0,0,5.89661e+06,0,0,0,0,1.04829e+07
11917101,3.43969e+06,0,0,6.71559e+06,0,0,818974,0,1.09743e+07
11917729,3.93108e+06,0,0,9.3363e+06,163795,0,1.31036e+06,0,1.47415e+07
11916767,3.43969e+06,0,0,1.31036e+07,0,0,491384,0,1.70347e+07
11915463,3.2759e+06,655179,0,8.51733e+06,0,0,818974,0,1.32674e+07
11915457,6.388e+06,655179,0,1.49053e+07,0,0,818974,0,2.27675e+07
13374709,818974,163795,491384,1.52329e+07,3.76728e+06,0,2.45692e+06,0,2.29313e+07
13361270,0,0,818974,1.16294e+07,5.73282e+06,0,491384,0,1.86726e+07
6981186,2.62072e+06,0,0,0,3.93108e+06,0,0,0,6.55179e+06
6981500,0,0,0,818974,327590,163795,1.80174e+06,0,3.1121e+06
6979694,6.71559e+06,0,0,1.24484e+07,818974,0,2.45692e+06,0,2.24399e+07
6979692,2.94831e+06,163795,0,9.5001e+06,163795,0,655179,0,1.34312e+07
11915361,163795,0,0,1.63795e+06,327590,163795,0,0,2.29313e+06
11915917,2.62072e+06,163795,163795,655179,163795,163795,0,0,3.93108e+06
11915629,2.78451e+06,491384,327590,7.86215e+06,655179,0,0,0,1.21208e+07
17540521,8.68112e+06,0,327590,8.35354e+06,1.47415e+06,2.12933e+06,0,0,2.09657e+07
17540263,5.73282e+06,0,163795,3.60349e+06,3.76728e+06,982769,0,0,1.42501e+07
13377495,655179,327590,1.14656e+06,1.32674e+07,6.06041e+06,0,0,0,2.14571e+07
13377043,6.55179e+06,0,1.14656e+06,4.58625e+06,3.1121e+06,1.80174e+06,818974,0,1.80174e+07
13377599,491384,0,163795,5.40523e+06,3.43969e+06,0,0,0,9.5001e+06
13377491,1.06467e+07,0,655179,8.35354e+06,1.31036e+06,0,0,0,2.09657e+07
6965285,0,491384,0,3.43969e+06,655179,0,491384,0,5.07764e+06
6965273,0,491384,0,3.43969e+06,163795,0,327590,0,4.42246e+06
6964715,3.1121e+06,0,0,163795,0,0,6.55179e+06,0,9.82769e+06
17555769,1.14656e+06,0,655179,5.73282e+06,1.14656e+06,1.14656e+06,0,0,9.82769e+06
6950710,9.3363e+06,0,1.47415e+06,327590,1.34312e+07,982769,0,0,2.5552e+07
11918959,1.47415e+06,0,0,5.73282e+06,982769,0,982769,0,9.17251e+06
5120872,2.94831e+06,327590,0,1.96554e+06,0,0,6.2242e+06,0,1.14656e+07
7242761,491384,0,0,9.00871e+06,327590,0,0,0,9.82769e+06
7226144,5.07764e+06,0,327590,2.35864e+07,2.45692e+06,0,0,0,3.14486e+07
7225268,1.96554e+06,163795,0,1.34312e+07,327590,0,0,0,1.58881e+07
22255723,1.63795e+06,0,0,5.73282e+06,0,0,2.29313e+06,0,9.66389e+06
22249737,1.06467e+07,0,0,1.7526e+07,0,0,655179,0,2.88279e+07
6983626,1.08105e+07,491384,0,1.34312e+07,1.63795e+06,0,1.63795e+06,0,2.80089e+07
17539199,4.25866e+06,0,0,1.9983e+07,163795,0,163795,0,2.45692e+07
17539311,1.17932e+07,0,0,1.03191e+07,163795,1.47415e+06,0,0,2.37502e+07
17538155,1.09743e+07,0,0,1.06467e+07,327590,0,163795,0,2.21123e+07
7015675,4.42246e+06,0,4.25866e+06,1.47415e+06,1.06467e+07,818974,1.14656e+06,0,2.27675e+07
4994973,2.62072e+06,0,0,4.75005e+06,0,0,4.25866e+06,0,1.16294e+07
19166523,2.94831e+06,327590,0,1.24484e+07,163795,0,491384,0,1.63795e+07
14620388,1.34312e+07,0,0,3.60349e+06,163795,0,0,0,1.71985e+07
14621726,5.07764e+06,0,0,5.89661e+06,0,0,0,0,1.09743e+07
14621740,7.04318e+06,0,0,6.71559e+06,0,0,0,0,1.37588e+07
14620826,3.93108e+06,0,0,4.58625e+06,0,0,327590,0,8.84492e+06
7243815,1.47415e+07,0,0,2.62072e+06,0,0,1.63795e+06,0,1.90002e+07
19167073,4.75005e+06,0,0,1.1138e+07,491384,0,327590,0,1.67071e+07
17239962,818974,163795,0,982769,1.76898e+07,0,0,0,1.96554e+07
17233716,1.67071e+07,0,0,1.80174e+07,0,0,327590,0,3.50521e+07
22248781,1.88364e+07,0,163795,491384,2.94831e+06,0,0,0,2.24399e+07
6597312,4.25866e+06,2.94831e+06,0,818974,5.07764e+06,0,0,0,1.31036e+07
6597270,2.32589e+07,1.14656e+06,327590,1.96554e+06,1.03191e+07,0,0,327590,3.73452e+07
22249293,8.84492e+06,818974,327590,818974,3.60349e+06,0,0,0,1.44139e+07
22248825,2.27675e+07,655179,163795,655179,8.51733e+06,0,0,0,3.2759e+07
17218398,0,0,655179,0,3.58711e+07,0,0,0,3.65262e+07
17219024,0,163795,0,0,2.42416e+07,0,0,0,2.44054e+07
19208055,0,0,0,1.21208e+07,0,0,163795,0,1.22846e+07
19208091,1.14656e+06,163795,0,2.3914e+07,0,0,491384,0,2.57158e+07
17543477,4.91384e+06,0,0,1.21208e+07,327590,0,1.80174e+06,0,1.9164e+07
11917353,2.45692e+06,0,0,6.388e+06,0,0,1.63795e+06,0,1.04829e+07
11916761,4.25866e+06,0,0,9.00871e+06,0,0,491384,0,1.37588e+07
5103900,1.80174e+06,163795,0,2.29313e+06,982769,0,6.388e+06,0,1.16294e+07
2528217,327590,0,0,327590,0,0,818974,0,1.47415e+06
14804137,1.80174e+06,2.12933e+06,491384,1.58881e+07,2.62072e+06,0,0,0,2.29313e+07
14803787,6.55179e+06,2.45692e+06,491384,9.00871e+06,327590,0,0,0,1.88364e+07
14803753,1.14656e+06,163795,0,1.47415e+06,163795,0,0,0,2.94831e+06
14803841,9.00871e+06,2.78451e+06,655179,1.80174e+07,327590,0,0,0,3.07934e+07
14803821,4.91384e+06,0,1.63795e+06,1.60519e+07,818974,0,0,0,2.34227e+07
14803819,1.31036e+06,0,0,5.56902e+06,1.31036e+06,0,0,0,8.18974e+06
7309893,1.31036e+06,0,0,1.53967e+07,1.67071e+07,0,163795,0,3.35779e+07
19207481,1.63795e+06,0,0,1.73622e+07,1.2776e+07,0,327590,0,3.21038e+07
17238880,6.388e+06,0,0,9.00871e+06,0,0,0,0,1.53967e+07
17238874,7.53456e+06,0,0,7.69836e+06,0,0,0,0,1.52329e+07
17239820,7.86215e+06,0,0,2.14571e+07,163795,0,163795,0,2.96469e+07
17240102,1.24648e+08,982769,491384,1.96062e+08,818974,0,1.14656e+06,0,3.2415e+08
17240202,2.16209e+07,163795,0,1.49053e+07,0,0,163795,0,3.68538e+07
6979044,1.81812e+07,0,982769,1.31036e+06,1.50691e+07,0,0,0,3.55435e+07
6979036,3.89832e+07,163795,5.56902e+06,1.80174e+06,2.40778e+07,327590,0,0,7.09231e+07
6980772,2.66986e+07,163795,5.07764e+06,5.07764e+06,2.04743e+07,0,0,0,5.7492e+07
6980656,2.48968e+07,327590,4.25866e+06,3.2759e+06,1.50691e+07,0,163795,0,4.79919e+07
17543703,2.11296e+09,7.0268e+07,4.65505e+08,1.52559e+09,1.20586e+09,1.10398e+08,2.17028e+08,3.81642e+07,5.74576e+09
17539225,2.12933e+06,0,0,5.89661e+06,655179,163795,0,0,8.84492e+06
22475363,6.87938e+06,0,0,9.99148e+06,982769,0,0,0,1.78536e+07
22476055,9.3363e+06,0,0,5.07764e+06,0,0,0,0,1.44139e+07
22476181,1.14656e+06,0,0,5.56902e+06,0,0,0,0,6.71559e+06
17541213,3.60349e+06,163795,0,1.42501e+07,491384,0,0,0,1.85088e+07
17541373,491384,0,0,2.12933e+06,163795,0,0,0,2.78451e+06
3722649,0,0,0,655179,0,0,982769,0,1.63795e+06
2526989,2.45692e+06,327590,0,3.2759e+06,0,0,982769,0,7.04318e+06
4994409,2.78451e+06,1.14656e+06,0,9.99148e+06,491384,0,2.12933e+06,0,1.65433e+07
22252021,9.3363e+06,491384,0,1.03191e+07,0,0,5.07764e+06,0,2.52244e+07
11919635,1.63795e+07,0,0,6.388e+06,0,0,1.14656e+06,0,2.3914e+07
7002558,3.1121e+06,163795,0,9.82769e+06,327590,0,1.47415e+06,0,1.49053e+07
7003568,1.1138e+07,0,0,7.86215e+06,0,0,982769,0,1.9983e+07
7002376,5.07764e+06,491384,0,1.01553e+07,491384,0,2.94831e+06,0,1.9164e+07
5123862,327590,0,163795,6.55179e+06,0,0,8.68112e+06,0,1.57243e+07
6594380,9.99148e+06,491384,0,1.14656e+06,7.20697e+06,982769,163795,0,1.9983e+07
13337818,3.43969e+06,0,4.58625e+06,5.89661e+06,7.69836e+06,1.47415e+06,491384,0,2.35864e+07
17227367,163795,327590,0,1.55605e+07,4.75005e+07,0,0,0,6.35524e+07
17226917,0,163795,0,491384,7.86215e+06,0,0,0,8.51733e+06
6566467,1.04829e+07,0,0,6.87938e+06,982769,491384,3.60349e+06,818974,2.32589e+07
6566175,1.03191e+07,327590,1.80174e+06,327590,9.99148e+06,818974,0,327590,2.3914e+07
6559823,1.14656e+07,163795,0,3.76728e+06,3.1121e+06,163795,4.75005e+06,491384,2.3914e+07
7016691,1.16294e+07,0,327590,491384,818974,0,818974,0,1.40864e+07
5135009,6.55179e+06,163795,0,9.82769e+06,0,0,2.29313e+06,0,1.88364e+07
19126067,5.40523e+06,0,0,6.55179e+06,0,0,163795,0,1.21208e+07
22249665,6.06041e+06,0,0,1.88364e+07,0,0,818974,0,2.57158e+07
19165329,4.75005e+06,327590,0,1.40864e+07,0,0,327590,0,1.94916e+07
2527029,8.84492e+06,0,0,9.99148e+06,0,0,4.42246e+06,0,2.32589e+07
13210858,655179,0,1.31036e+06,5.40523e+07,2.94831e+06,0,982769,0,5.99489e+07
13211528,0,0,491384,7.53456e+06,1.31036e+06,0,1.31036e+06,0,1.06467e+07
13210820,491384,0,818974,2.26037e+07,1.80174e+06,0,818974,0,2.65348e+07
13210834,491384,0,818974,2.4733e+07,2.12933e+06,0,1.63795e+06,0,2.98107e+07
13211470,0,163795,0,6.388e+06,327590,0,327590,0,7.20697e+06
13210606,2.29313e+06,491384,327590,4.12763e+07,2.94831e+06,0,1.80174e+06,0,4.91384e+07
13210820,491384,0,818974,2.26037e+07,1.80174e+06,0,818974,0,2.65348e+07
13211496,655179,0,1.31036e+06,5.24143e+07,1.96554e+06,0,327590,0,5.6673e+07
13210264,0,163795,0,3.1121e+06,491384,0,1.31036e+06,0,5.07764e+06
13210348,0,0,0,7.37077e+06,1.80174e+06,818974,6.2242e+06,0,1.62157e+07
13210348,0,0,0,7.37077e+06,1.80174e+06,818974,6.2242e+06,0,1.62157e+07
13210404,0,327590,163795,1.58881e+07,2.78451e+06,327590,4.09487e+06,0,2.35865e+07
13210422,0,163795,163795,1.08105e+07,982769,327590,1.96554e+06,0,1.44139e+07
13336410,163795,0,818974,4.42246e+06,2.29313e+06,327590,1.63795e+06,0,9.66389e+06
13337268,0,0,0,1.39226e+07,818974,0,5.89661e+06,0,2.06381e+07
5121596,3.1121e+06,0,0,1.14656e+06,491384,0,1.26122e+07,0,1.73622e+07
5798354,2.62072e+06,163795,0,1.63795e+06,0,0,1.03191e+07,0,1.47415e+07
5000115,491384,163795,0,2.78451e+06,0,0,6.55179e+06,0,9.99148e+06
22473617,3.76728e+06,0,0,2.29313e+06,818974,0,327590,0,7.20697e+06
22475935,2.45692e+06,0,0,5.07764e+06,2.62072e+06,163795,327590,0,1.06467e+07
22475289,4.58625e+06,0,0,8.18974e+06,655179,0,0,0,1.34312e+07
22474323,1.32674e+07,1.63795e+06,6.2242e+06,7.20697e+06,7.04318e+06,1.80174e+06,163795,0,3.73452e+07
22474399,1.40864e+07,2.45692e+06,6.388e+06,7.20697e+06,7.86215e+06,3.93108e+06,163795,0,4.20953e+07
22476839,4.72828e+09,1.99338e+08,1.73279e+09,1.86973e+09,3.18615e+09,6.11446e+08,2.90735e+08,1.31691e+08,1.27502e+10
22476841,4.75005e+06,818974,1.63795e+06,982769,4.58625e+06,1.31036e+06,0,0,1.40864e+07
22474701,6.06041e+06,0,491384,1.80174e+06,5.89661e+06,0,0,0,1.42501e+07
22471901,4.09487e+06,0,818974,4.42246e+06,818974,163795,0,0,1.03191e+07
22471847,1.04829e+07,0,1.80174e+06,5.24143e+06,5.89661e+06,327590,163795,0,2.3914e+07
22471921,5.73282e+06,0,1.80174e+06,6.55179e+06,2.94831e+06,818974,0,0,1.78536e+07
22471901,4.09487e+06,0,818974,4.42246e+06,818974,163795,0,0,1.03191e+07
22471997,8.68112e+06,0,3.60349e+06,1.80174e+06,1.06467e+07,0,1.14656e+06,0,2.58796e+07
6949112,2.5552e+07,0,3.1121e+06,3.1121e+06,655179,982769,0,0,3.34141e+07
7017273,982769,0,655179,818974,2.62072e+06,1.96554e+06,0,0,7.04318e+06
22472915,8.51733e+06,163795,2.12933e+06,327590,2.45692e+06,3.1121e+06,0,327590,1.70347e+07
6950096,2.78451e+06,0,982769,163795,6.71559e+06,491384,0,0,1.1138e+07
6947936,5.56902e+06,0,2.78451e+06,0,3.2759e+06,0,0,0,1.16294e+07
13372289,5.40523e+06,0,163795,1.47415e+06,2.29313e+06,818974,0,0,1.01553e+07
13372331,5.07764e+06,0,2.62072e+06,491384,2.78451e+06,327590,327590,163795,1.17932e+07
13372415,3.2759e+06,0,2.45692e+06,491384,1.63795e+06,163795,327590,0,8.35353e+06
17225249,491384,0,0,982769,0,0,0,0,1.47415e+06
6606248,8.68112e+06,163795,0,8.68112e+06,0,0,0,0,1.7526e+07
6606390,1.50691e+07,163795,0,1.31036e+07,0,0,0,0,2.83365e+07
2165295,3.60349e+06,0,2.78451e+06,982769,4.58625e+06,3.1121e+06,0,327590,1.53967e+07
22471685,1.03191e+07,0,327590,2.29313e+06,1.47415e+06,0,0,0,1.44139e+07
6560899,5.73282e+06,0,1.47415e+06,1.96554e+06,6.71559e+06,491384,0,163795,1.65433e+07
6560947,1.14656e+07,0,1.14656e+06,1.63795e+06,3.2759e+06,163795,327590,0,1.80174e+07
6619732,3.80004e+07,0,3.1121e+06,1.20389e+08,0,0,0,0,1.61502e+08
17556395,2.78451e+06,0,163795,7.86215e+06,327590,0,0,0,1.1138e+07
6561405,4.75005e+06,0,2.94831e+06,4.42246e+06,5.24143e+06,0,1.31036e+06,0,1.86726e+07
6561439,4.75005e+06,0,3.93108e+06,163795,2.12933e+06,818974,163795,818974,1.2776e+07
6561437,1.26122e+07,0,7.20697e+06,0,2.62072e+06,1.31036e+06,982769,982769,2.57158e+07
6561449,2.03106e+07,0,1.26122e+07,163795,6.388e+06,2.29313e+06,1.47415e+06,2.12933e+06,4.53712e+07
2165699,5.89661e+06,327590,3.1121e+06,1.47415e+06,1.31036e+06,818974,327590,655179,1.39226e+07
2166249,3.22676e+07,2.29313e+06,2.44054e+07,1.29398e+07,3.37417e+07,491384,1.14656e+06,163795,1.07449e+08
6560079,7.37077e+06,0,818974,5.73282e+06,1.96554e+06,0,1.80174e+06,0,1.76898e+07
2164527,1.3595e+07,163795,1.08105e+07,491384,7.69836e+06,0,982769,0,3.37417e+07
2164559,1.9983e+07,163795,1.50691e+07,491384,1.3595e+07,0,1.31036e+06,0,5.06126e+07
2164563,2.16209e+07,163795,1.57243e+07,491384,1.42501e+07,0,1.47415e+06,0,5.37247e+07
2164521,2.68623e+07,1.31036e+06,1.45777e+07,1.04829e+07,3.01382e+07,327590,0,3.1121e+06,8.68112e+07
6566287,3.99659e+07,1.81812e+07,2.40778e+07,2.26037e+07,3.53797e+07,2.45692e+06,1.14656e+06,4.75005e+06,1.48562e+08
6566317,6.83024e+07,4.91384e+06,4.66815e+07,2.57158e+07,4.71729e+07,1.31036e+06,4.42246e+06,2.29313e+06,2.00812e+08
6566533,1.78536e+07,1.63795e+06,1.29398e+07,7.69836e+06,1.60519e+07,982769,982769,1.96554e+06,6.01127e+07
6566231,9.82769e+06,982769,7.69836e+06,6.388e+06,1.08105e+07,655179,0,655179,3.70176e+07
14622988,2.62072e+06,0,0,7.53456e+06,0,0,327590,0,1.04829e+07
14622840,163795,0,0,3.93108e+06,0,0,0,0,4.09487e+06
14623026,6.87938e+06,0,0,2.11295e+07,0,0,327590,0,2.83365e+07
14623062,8.02594e+06,0,0,2.53882e+07,0,0,491384,0,3.39055e+07
14622566,2.12933e+06,0,163795,1.47415e+07,1.14656e+06,0,1.47415e+06,0,1.96554e+07
14622562,2.12933e+06,0,0,1.08105e+07,982769,0,1.14656e+06,0,1.50691e+07
14623406,1.7526e+07,327590,0,2.4733e+07,0,0,163795,0,4.27504e+07
14622616,1.22846e+07,327590,0,2.09657e+07,0,0,491384,0,3.40693e+07
17233702,1.1957e+07,0,0,1.1138e+07,0,0,163795,0,2.32589e+07
17233702,1.1957e+07,0,0,1.1138e+07,0,0,163795,0,2.32589e+07
17234216,7.20697e+06,163795,0,1.7526e+07,0,0,163795,0,2.50606e+07
17233846,3.58711e+07,0,0,4.96298e+07,0,0,327590,0,8.58285e+07
6948330,3.60349e+06,0,4.75005e+06,0,5.89661e+06,655179,327590,0,1.52329e+07
6946978,2.12933e+06,0,982769,0,2.12933e+06,0,0,0,5.24143e+06
6946980,5.24143e+06,327590,3.60349e+06,0,4.25866e+06,163795,0,491384,1.40864e+07
13310147,5.73282e+06,0,1.31036e+06,3.60349e+06,4.25866e+06,1.31036e+06,491384,0,1.67071e+07
13309993,6.55179e+06,0,491384,2.94831e+06,2.45692e+06,0,163795,0,1.26122e+07
22253201,5.89661e+06,818974,0,6.388e+06,0,0,1.60519e+07,0,2.91555e+07
14621764,3.25952e+07,0,1.63795e+06,5.07764e+06,2.27675e+07,163795,1.47415e+06,0,6.37162e+07
14620956,1.42501e+07,163795,491384,2.78451e+06,2.16209e+07,1.63795e+06,0,0,4.09487e+07
14620452,1.49053e+07,0,0,2.45692e+06,4.42246e+06,2.62072e+06,0,0,2.44054e+07
14620336,2.68623e+08,7.33801e+07,2.11295e+07,2.98107e+07,1.90002e+08,1.1957e+07,8.68112e+06,0,6.03584e+08
13312119,0,163795,655179,8.68112e+06,982769,0,1.47415e+06,0,1.1957e+07
13313203,163795,0,327590,5.56902e+06,1.14656e+06,0,327590,0,7.53456e+06
13309087,0,0,1.31036e+06,8.35353e+06,655179,0,0,0,1.03191e+07
14795507,1.24484e+07,327590,2.94831e+06,8.02594e+06,2.29313e+06,5.40523e+06,0,818974,3.22676e+07
14795673,6.55179e+06,0,163795,7.53456e+06,163795,327590,0,0,1.47415e+07
13378181,2.29313e+06,0,0,6.2242e+06,0,0,0,0,8.51733e+06
4999903,4.58625e+06,163795,0,1.06467e+07,5.73282e+06,0,2.48968e+07,0,4.60263e+07
6950336,2.78451e+06,0,491384,0,3.1121e+06,0,0,0,6.388e+06
6950328,982769,0,0,0,2.45692e+06,0,0,0,3.43969e+06
6950210,7.86215e+06,0,1.14656e+06,2.45692e+06,6.87938e+06,1.47415e+06,655179,0,2.04744e+07
13376447,6.06041e+06,0,1.14656e+06,2.45692e+06,8.18974e+06,4.75005e+06,1.63795e+06,0,2.42416e+07
13372423,6.06041e+06,0,1.47415e+06,4.25866e+06,3.1121e+06,655179,0,0,1.55605e+07
13372847,3.93108e+06,163795,1.31036e+06,5.07764e+06,4.42246e+06,1.31036e+06,163795,0,1.63795e+07
6964863,2.4733e+07,1.47415e+06,2.12933e+06,2.71899e+07,2.29313e+06,982769,982769,0,5.97851e+07
7005724,4.09487e+06,0,0,327590,0,0,0,0,4.42246e+06
7003204,3.43969e+06,0,0,2.94831e+06,0,0,0,0,6.388e+06
7003216,7.04318e+06,0,0,6.2242e+06,0,0,327590,0,1.3595e+07
13373197,0,0,655179,1.17932e+07,491384,0,491384,0,1.34312e+07
13372829,1.1957e+07,0,7.37077e+06,982769,1.17932e+07,0,491384,0,3.25952e+07
13372039,7.04318e+06,491384,7.04318e+06,1.47415e+06,1.04829e+07,1.47415e+06,1.63795e+06,0,2.96469e+07
13372107,1.80174e+07,0,9.99148e+06,5.07764e+06,1.17932e+07,2.62072e+06,327590,0,4.78281e+07
6947598,9.5001e+06,0,5.89661e+06,818974,1.47415e+07,1.80174e+06,327590,0,3.30865e+07
6947610,1.31036e+07,0,7.86215e+06,982769,1.96554e+07,3.43969e+06,327590,0,4.53712e+07
6947612,1.04829e+07,491384,8.35354e+06,1.47415e+06,1.86726e+07,1.96554e+06,0,0,4.14401e+07
6948958,3.2759e+06,0,3.76728e+06,491384,1.47415e+06,655179,0,0,9.66389e+06
6948974,5.56902e+06,163795,5.89661e+06,0,3.76728e+06,0,0,0,1.53967e+07
6949000,2.29313e+06,0,5.24143e+06,982769,1.80174e+06,163795,0,0,1.04829e+07
13312439,1.16294e+07,163795,3.43969e+06,5.73282e+06,1.09743e+07,0,655179,0,3.25952e+07
13371963,4.91384e+06,0,2.12933e+06,982769,2.29313e+06,0,327590,0,1.06467e+07
13312231,5.24143e+06,163795,1.96554e+06,2.62072e+06,8.35353e+06,327590,327590,0,1.90002e+07
13313413,2.29313e+07,0,1.06467e+07,7.20697e+06,1.32674e+07,491384,0,0,5.45437e+07
6947538,4.42246e+06,0,2.62072e+06,1.14656e+06,6.06041e+06,0,0,0,1.42501e+07
13313413,2.29313e+07,0,1.06467e+07,7.20697e+06,1.32674e+07,491384,0,0,5.45437e+07
6947500,1.47415e+06,0,163795,327590,3.1121e+06,818974,163795,0,6.06041e+06
6948870,4.58625e+06,0,4.75005e+06,163795,7.86215e+06,327590,0,0,1.76898e+07
13311995,818974,982769,982769,7.04318e+06,6.2242e+06,163795,0,0,1.62157e+07
13311309,6.06041e+06,163795,9.99148e+06,9.82769e+06,1.39226e+07,1.80174e+06,327590,0,4.20953e+07
13311165,1.14656e+06,0,982769,0,2.29313e+06,0,163795,0,4.58625e+06
13311469,6.71559e+06,0,4.42246e+06,2.45692e+06,3.1121e+06,491384,491384,0,1.76898e+07
13311469,6.71559e+06,0,4.42246e+06,2.45692e+06,3.1121e+06,491384,491384,0,1.76898e+07
13309147,0,818974,0,1.31036e+06,163795,0,163795,0,2.45692e+06
13309159,491384,4.09487e+06,3.43969e+06,3.24314e+07,2.78451e+06,0,1.96554e+06,0,4.52074e+07
6561075,9.00872e+06,0,1.1957e+07,655179,4.09487e+06,0,163795,0,2.58796e+07
7016397,1.03191e+07,0,6.87938e+06,818974,5.40523e+06,0,0,0,2.34227e+07
7016413,5.40523e+06,163795,4.58625e+06,655179,3.1121e+06,163795,0,0,1.40864e+07
7016175,3.43969e+06,0,2.94831e+06,1.47415e+06,1.96554e+06,0,0,0,9.82769e+06
22472329,1.2776e+07,0,491384,4.42246e+06,163795,0,0,0,1.78536e+07
2166195,2.29313e+06,0,655179,327590,3.43969e+06,0,0,0,6.71559e+06
2166185,2.48968e+07,0,2.19485e+07,3.43969e+06,3.68538e+07,163795,0,0,8.73026e+07
2166155,2.26037e+07,0,2.11295e+07,3.2759e+06,3.07934e+07,163795,0,0,7.79663e+07
2166049,327590,0,0,1.80174e+06,0,0,0,0,2.12933e+06
2166057,1.60519e+07,655179,7.53456e+06,1.53967e+07,1.44139e+07,0,163795,0,5.42161e+07
2165929,2.17847e+07,163795,2.12933e+07,3.93108e+06,1.93278e+07,0,163795,0,6.66645e+07
2165929,2.17847e+07,163795,2.12933e+07,3.93108e+06,1.93278e+07,0,163795,0,6.66645e+07
2166027,2.21123e+07,327590,1.78536e+07,3.76728e+06,2.37502e+07,655179,0,818974,6.92852e+07
2166027,2.21123e+07,327590,1.78536e+07,3.76728e+06,2.37502e+07,655179,0,818974,6.92852e+07
2166027,2.21123e+07,327590,1.78536e+07,3.76728e+06,2.37502e+07,655179,0,818974,6.92852e+07
2165783,1.39226e+07,0,6.2242e+06,1.31036e+06,2.78451e+06,1.96554e+06,0,2.12933e+06,2.83365e+07
2165827,1.70347e+07,0,1.31036e+06,1.3595e+07,3.1121e+06,163795,491384,0,3.57073e+07
3701840,9.3363e+06,0,0,1.52329e+07,0,0,982769,0,2.5552e+07
6621574,1.65433e+07,0,0,1.80174e+06,1.09743e+07,0,0,0,2.93193e+07
6571212,8.02594e+06,0,0,1.13018e+07,1.14656e+06,0,163795,0,2.06381e+07
6571266,2.94831e+06,0,0,2.78451e+06,163795,0,0,0,5.89661e+06
22475201,5.73282e+06,0,0,1.44139e+07,0,0,0,0,2.01468e+07
22474885,5.24143e+06,0,0,9.5001e+06,0,0,0,0,1.47415e+07
22476751,2.12933e+07,0,0,2.09657e+07,163795,0,163795,0,4.25866e+07
22474617,1.16294e+07,0,491384,1.32674e+07,327590,0,0,0,2.57158e+07
22474395,7.04318e+06,0,0,9.66389e+06,0,0,0,0,1.67071e+07
22474395,7.04318e+06,0,0,9.66389e+06,0,0,0,0,1.67071e+07
22474443,6.71559e+06,0,0,1.01553e+07,327590,0,0,0,1.71985e+07
22471839,9.99148e+06,0,2.45692e+06,1.31036e+06,1.03191e+07,163795,655179,163795,2.50606e+07
22471791,7.86215e+06,0,327590,1.80174e+06,1.47415e+06,0,0,0,1.14656e+07
6621308,1.96554e+06,0,0,2.81727e+07,0,163795,1.63795e+06,0,3.194e+07
6620330,2.78451e+06,0,163795,9.17251e+06,163795,491384,327590,0,1.31036e+07
6570308,2.50606e+07,0,1.29398e+07,1.31036e+06,7.53456e+06,0,163795,0,4.70091e+07
6572222,3.93108e+06,0,0,7.69836e+06,1.63795e+06,0,0,0,1.32674e+07
7005596,8.35353e+06,163795,0,1.68709e+07,3.43969e+06,0,1.98192e+07,0,4.86471e+07
7003494,2.4733e+07,0,0,9.17251e+06,0,0,491384,0,3.43969e+07
7002950,1.40864e+07,0,0,8.35353e+06,0,0,2.29313e+06,0,2.4733e+07
13309903,327590,327590,655179,327590,163795,0,0,0,1.80174e+06
6946550,3.76728e+06,0,4.58625e+06,0,4.09487e+06,0,0,0,1.24484e+07
13309741,5.56902e+06,163795,2.94831e+06,2.78451e+06,1.31036e+06,163795,327590,0,1.32674e+07
13337846,2.29313e+06,0,3.43969e+06,6.71559e+06,8.35353e+06,327590,1.31036e+06,0,2.24399e+07
13337736,1.31036e+06,0,2.45692e+06,2.94831e+06,6.2242e+06,327590,327590,0,1.3595e+07
13335926,2.78451e+06,0,3.76728e+06,655179,3.2759e+06,163795,0,0,1.06467e+07
17226743,491384,0,0,2.35865e+07,1.80174e+07,0,0,0,4.20953e+07
17227325,491384,0,0,1.08105e+07,982769,0,0,0,1.22846e+07
17226247,327590,0,0,2.94831e+06,163795,0,491384,0,3.93108e+06
17226559,163795,163795,0,2.62072e+06,0,0,0,0,2.94831e+06
17226743,491384,0,0,2.35865e+07,1.80174e+07,0,0,0,4.20953e+07
17226163,3.93108e+06,163795,0,9.82769e+06,163795,0,163795,0,1.42501e+07
17225949,2.29313e+06,163795,0,1.06467e+07,491384,0,982769,0,1.45777e+07
17226083,2.94831e+06,0,0,1.08105e+07,818974,0,0,0,1.45777e+07
17226139,3.60349e+06,163795,0,1.14656e+07,0,0,0,0,1.52329e+07
17225881,655179,0,0,491384,0,0,0,0,1.14656e+06
14623124,1.37588e+07,0,0,2.89917e+07,163795,0,491384,0,4.34056e+07
14623164,1.3595e+07,0,0,4.42246e+07,2.45692e+06,327590,1.14656e+06,0,6.17506e+07
14623218,5.40523e+06,163795,0,3.1121e+07,982769,163795,491384,0,3.8328e+07
11917753,8.35354e+06,163795,0,2.14571e+07,163795,0,4.58625e+06,0,3.47245e+07
11915761,3.93108e+06,163795,0,9.5001e+06,491384,0,655179,0,1.47415e+07
11916775,7.69836e+06,818974,0,1.29398e+07,0,0,327590,0,2.17847e+07
11917143,5.07764e+06,163795,0,1.34312e+07,491384,0,818974,0,1.9983e+07
11915341,7.37077e+06,0,0,1.9983e+07,0,0,818974,0,2.81727e+07
17543097,2.94831e+06,0,0,7.53456e+06,655179,163795,327590,0,1.16294e+07
17542381,655179,0,0,655179,491384,0,0,0,1.80174e+06
17542441,982769,0,0,1.29398e+07,2.29313e+06,327590,0,0,1.65433e+07
17542479,2.12933e+06,0,0,1.76898e+07,2.29313e+06,327590,0,0,2.24399e+07
17542973,4.58625e+06,0,0,1.67071e+07,0,0,1.63795e+06,0,2.29313e+07
13374191,0,163795,0,6.06041e+06,1.14656e+06,327590,1.63795e+06,0,9.3363e+06
13360784,0,0,0,6.2242e+06,5.40523e+06,0,2.45692e+06,0,1.40864e+07
13373513,0,163795,0,1.49053e+07,3.2759e+06,0,1.14656e+06,0,1.94916e+07
7003524,7.37077e+06,2.29313e+06,0,7.20697e+06,655179,0,1.22846e+07,0,2.98107e+07
7002982,7.04318e+06,163795,0,1.09743e+07,491384,0,4.09487e+06,0,2.27675e+07
11915549,1.47415e+06,0,0,3.1121e+06,0,0,163795,0,4.75005e+06
11915491,4.09487e+06,491384,0,9.3363e+06,0,0,491384,0,1.44139e+07
17540537,3.43969e+06,491384,0,5.89661e+06,0,0,0,0,9.82769e+06
14795281,1.96554e+06,0,655179,1.40864e+07,5.24143e+06,327590,0,0,2.22761e+07
14794679,1.31036e+06,327590,0,2.94831e+06,5.24143e+06,327590,0,0,1.01553e+07
14794859,3.2759e+06,818974,0,8.68112e+06,3.76728e+06,2.45692e+06,0,0,1.90002e+07
6950588,5.73282e+06,0,1.63795e+06,5.89661e+06,1.26122e+07,2.62072e+06,491384,0,2.89917e+07
13377127,1.96554e+06,163795,0,1.52329e+07,5.24143e+06,163795,655179,0,2.34227e+07
13377165,2.29313e+06,0,3.76728e+06,0,4.75005e+06,1.63795e+06,982769,0,1.34312e+07
6996205,7.37077e+06,327590,0,1.96554e+07,163795,0,5.89661e+06,0,3.34141e+07
6996033,2.12933e+06,0,0,5.40523e+06,0,0,818974,0,8.35353e+06
6995645,3.43969e+06,0,0,7.04318e+06,0,0,2.12933e+06,0,1.26122e+07
6995819,9.99148e+06,0,0,2.03106e+07,0,2.12933e+06,7.37077e+06,0,3.98021e+07
11918495,5.07764e+06,0,0,9.82769e+06,0,0,6.87938e+06,0,2.17847e+07
11920111,4.58625e+06,0,0,4.25866e+06,327590,0,2.62072e+06,0,1.17932e+07
5002663,491384,163795,655179,4.75005e+06,655179,0,5.24143e+06,0,1.1957e+07
7005960,491384,0,163795,327590,818974,0,5.40523e+06,0,7.20697e+06
22477481,2.12933e+06,491384,0,1.47415e+06,1.31036e+06,655179,0,0,6.06041e+06
17555593,1.26122e+07,163795,1.63795e+06,1.3595e+07,6.71559e+06,3.43969e+06,163795,0,3.8328e+07
17554833,1.16294e+07,0,4.91384e+06,1.63795e+06,2.29313e+06,1.47415e+06,163795,0,2.21123e+07
11919153,7.04318e+06,327590,0,7.20697e+06,0,163795,0,0,1.47415e+07
11918867,9.17251e+06,0,0,1.1138e+07,327590,0,982769,0,2.16209e+07
5001841,3.2759e+06,0,0,4.42246e+06,0,0,1.55605e+07,0,2.32589e+07
7243707,3.00433e+09,1.78864e+08,1.63958e+08,2.0594e+09,2.01992e+09,1.03191e+08,4.24886e+08,4.14401e+07,7.99598e+09
7243847,1.04829e+07,163795,0,1.1957e+07,0,0,1.96554e+06,0,2.45692e+07
7243821,1.16294e+07,0,0,1.24484e+07,0,0,655179,0,2.4733e+07
7242765,7.53456e+06,0,0,1.26122e+07,163795,0,0,0,2.03106e+07
7242809,6.2242e+06,0,0,1.06467e+07,0,0,0,0,1.68709e+07
7243905,1.1138e+07,0,0,9.17251e+06,1.47415e+06,0,0,0,2.17847e+07
7242543,1.80174e+07,0,0,2.06381e+07,0,0,163795,0,3.88194e+07
7243025,8.84492e+06,0,0,2.16209e+07,163795,0,327590,0,3.09572e+07
7243007,0,163795,327590,327590,818974,163795,0,0,1.80174e+06
7242819,3.60349e+06,0,0,1.7526e+07,327590,0,0,0,2.14571e+07
7226144,5.07764e+06,0,327590,2.35864e+07,2.45692e+06,0,0,0,3.14486e+07
7226144,5.07764e+06,0,327590,2.35864e+07,2.45692e+06,0,0,0,3.14486e+07
7226144,5.07764e+06,0,327590,2.35864e+07,2.45692e+06,0,0,0,3.14486e+07
7226144,5.07764e+06,0,327590,2.35864e+07,2.45692e+06,0,0,0,3.14486e+07
7243609,1.55605e+07,163795,0,1.80174e+07,982769,0,4.25866e+06,0,3.89832e+07
7243583,1.26122e+07,0,0,9.66389e+06,163795,0,2.12933e+06,0,2.45692e+07
7243675,9.99148e+06,0,163795,9.3363e+06,327590,0,1.80174e+06,0,2.16209e+07
7243685,6.2242e+06,0,163795,1.03191e+07,327590,0,1.31036e+06,0,1.8345e+07
7243675,9.99148e+06,0,163795,9.3363e+06,327590,0,1.80174e+06,0,2.16209e+07
7242423,5.07764e+06,0,0,9.5001e+06,0,0,163795,0,1.47415e+07
7242437,8.51733e+06,0,0,7.04318e+06,0,0,163795,0,1.57243e+07
7242417,4.91384e+06,0,0,2.09657e+07,163795,0,0,0,2.60434e+07
7242471,1.31036e+06,0,0,1.09743e+07,0,0,0,0,1.22846e+07
7243451,1.47415e+06,0,0,5.07764e+06,0,0,163795,0,6.71559e+06
7243463,4.91384e+06,0,163795,1.04829e+07,0,0,327590,0,1.58881e+07
7243461,3.93108e+06,0,163795,8.35354e+06,0,0,327590,0,1.2776e+07
7242255,2.94831e+06,0,0,1.49053e+07,163795,0,163795,0,1.81812e+07
7242277,3.60349e+06,0,0,1.70347e+07,163795,0,163795,0,2.09657e+07
7242197,327590,0,0,3.1121e+06,0,0,0,0,3.43969e+06
7242301,2.12933e+06,0,0,1.06467e+07,0,0,0,0,1.2776e+07
6983626,1.08105e+07,491384,0,1.34312e+07,1.63795e+06,0,1.63795e+06,0,2.80089e+07
4993939,1.1957e+07,327590,0,1.68709e+07,1.14656e+06,0,2.94831e+06,0,3.32503e+07
6995863,3.76728e+06,0,0,7.86215e+06,0,0,163795,0,1.17932e+07
4996483,2.62072e+06,0,0,1.14656e+06,0,0,3.2759e+06,0,7.04318e+06
6983178,1.14656e+07,491384,0,2.22761e+07,491384,0,2.29313e+06,0,3.70176e+07
17538829,6.2242e+06,0,0,1.39226e+07,2.94831e+06,0,0,0,2.30951e+07
17538597,4.42246e+06,327590,0,6.388e+06,655179,0,0,0,1.17932e+07
17539333,4.91384e+06,0,0,1.24484e+07,0,0,327590,0,1.76898e+07
6572460,7.86215e+06,0,163795,1.80174e+07,327590,163795,0,0,2.65348e+07
7015935,1.98192e+07,0,1.47415e+06,9.82769e+06,1.96554e+06,0,163795,0,3.32503e+07
7016491,2.03106e+07,0,1.47415e+06,1.68709e+07,2.62072e+06,0,163795,0,4.14401e+07
6946430,2.35865e+07,163795,3.73452e+07,0,2.30951e+07,3.93108e+06,163795,0,8.82854e+07
937100033,1.80174e+06,163795,0,1.47415e+06,0,0,6.87938e+06,0,1.03191e+07
4994619,7.60008e+07,1.80174e+06,1.44139e+07,1.19243e+08,0,0,1.68053e+08,0,3.79512e+08
4994581,6.55179e+06,0,0,1.31036e+06,0,0,5.89661e+06,0,1.37588e+07
17239450,8.68112e+06,0,0,9.3363e+06,163795,0,0,0,1.81812e+07
14620392,2.66986e+07,0,0,9.5001e+06,163795,0,0,0,3.63624e+07
14620326,1.42501e+07,0,0,6.388e+06,0,0,0,0,2.06381e+07
17239288,1.45777e+07,0,0,7.69836e+06,0,0,163795,0,2.24399e+07
17239286,1.96554e+06,0,0,2.78451e+06,0,0,0,0,4.75005e+06
17239722,1.80174e+06,0,0,6.71559e+06,0,0,0,0,8.51733e+06
14620046,2.62072e+06,0,0,1.31036e+06,163795,0,0,0,4.09487e+06
17239238,1.88364e+07,0,0,4.75005e+06,0,0,4.58625e+06,0,2.81727e+07
7243747,1.17932e+07,0,0,7.04318e+06,0,0,1.47415e+06,0,2.03106e+07
7244017,2.62072e+06,0,0,2.45692e+06,0,0,327590,0,5.40523e+06
14621122,8.18974e+06,0,0,655179,1.40864e+07,0,327590,0,2.32589e+07
7244003,9.00871e+06,0,163795,6.388e+06,1.80174e+06,163795,0,0,1.7526e+07
14619700,3.76728e+06,0,0,818974,4.09487e+06,0,818974,0,9.5001e+06
7243481,4.91384e+06,0,0,2.78451e+06,163795,0,163795,0,8.02594e+06
6587303,1.34312e+07,0,163795,0,2.62072e+06,0,163795,0,1.63795e+07
17234070,1.63795e+06,0,0,7.86215e+06,163795,0,0,0,9.66389e+06
17234148,655179,0,0,4.58625e+06,163795,0,0,0,5.40523e+06
17243620,0,0,0,0,1.29398e+07,0,0,0,1.29398e+07
17233876,1.31036e+06,0,0,3.43969e+06,0,0,0,0,4.75005e+06
17233982,1.47415e+06,0,0,7.53456e+06,0,0,0,0,9.00871e+06
17233952,491384,0,0,3.76728e+06,0,0,0,0,4.25866e+06
17233484,2.29313e+06,0,0,8.02594e+06,0,0,0,0,1.03191e+07
17234210,1.14656e+06,0,0,6.06041e+06,0,0,0,0,7.20697e+06
7226832,0,0,0,1.63795e+06,8.02594e+06,0,0,0,9.66389e+06
17240344,818974,0,0,982769,0,0,0,0,1.80174e+06
22248825,2.27675e+07,655179,163795,655179,8.51733e+06,0,0,0,3.2759e+07
22248825,2.27675e+07,655179,163795,655179,8.51733e+06,0,0,0,3.2759e+07
22248789,1.52329e+07,0,0,0,5.40523e+06,0,0,0,2.06381e+07
22248807,5.24143e+06,818974,163795,0,2.45692e+06,0,0,0,8.68112e+06
22249301,9.17251e+06,2.29313e+06,0,1.63795e+06,1.03191e+07,163795,0,0,2.35864e+07
6597362,6.87938e+06,3.93108e+06,0,3.1121e+06,8.35353e+06,1.47415e+06,0,0,2.37502e+07
6597320,5.40523e+06,3.2759e+06,0,1.80174e+06,6.06041e+06,0,0,0,1.65433e+07
6597738,9.7011e+09,2.48149e+08,8.38302e+08,1.07204e+09,3.81872e+09,2.78614e+08,6.97439e+08,5.70006e+07,1.67114e+10
6597362,6.87938e+06,3.93108e+06,0,3.1121e+06,8.35353e+06,1.47415e+06,0,0,2.37502e+07
6610066,9.99148e+06,2.45692e+06,0,0,5.89661e+06,0,0,0,1.8345e+07
6981344,6.388e+06,0,2.12933e+06,0,7.53456e+06,1.47415e+06,655179,0,1.81812e+07
22249295,1.85088e+07,0,491384,327590,5.24143e+06,0,0,0,2.45692e+07
22248767,4.42246e+06,0,0,0,818974,0,0,0,5.24143e+06
6981160,9.66389e+06,0,818974,0,7.53456e+06,1.96554e+06,0,0,1.9983e+07
6981256,3.1121e+06,0,0,818974,3.60349e+06,0,0,0,7.53456e+06
6597092,1.16294e+07,0,0,163795,8.18974e+06,0,0,0,1.9983e+07
17219024,0,163795,0,0,2.42416e+07,0,0,0,2.44054e+07
11917727,3.76728e+06,0,0,1.8345e+07,163795,0,2.12933e+06,0,2.44054e+07
6606338,1.42501e+07,0,818974,655179,9.00871e+06,0,1.63795e+06,0,2.6371e+07
17240248,1.80174e+06,0,0,4.25866e+06,0,0,0,0,6.06041e+06
17240252,1.14656e+07,163795,0,1.1138e+07,0,0,655179,0,2.34227e+07
17240064,8.51733e+06,0,0,2.44054e+07,163795,0,163795,0,3.32503e+07
7226516,1.17932e+07,0,0,2.37502e+07,1.31036e+06,0,0,0,3.68538e+07
17239024,7.69836e+06,0,0,1.21208e+07,0,0,163795,0,1.9983e+07
17238990,9.99148e+06,0,0,1.80174e+07,0,0,0,0,2.80089e+07
7225690,9.3363e+06,163795,0,1.50691e+07,0,0,0,0,2.45692e+07
6979056,5.5854e+07,327590,5.89661e+06,2.29313e+06,3.65262e+07,327590,0,0,1.01225e+08
6980568,2.29313e+06,0,327590,163795,4.09487e+06,163795,163795,0,7.20697e+06
6979038,1.14656e+07,0,655179,327590,9.3363e+06,0,0,0,2.17847e+07
6978872,5.43799e+07,163795,1.09743e+07,1.47415e+06,3.96383e+07,491384,0,0,1.07122e+08
6978980,3.2759e+07,0,3.43969e+06,1.31036e+06,1.81812e+07,163795,0,0,5.5854e+07
6978826,2.66986e+07,0,3.2759e+06,3.76728e+06,2.91555e+07,982769,0,0,6.388e+07
6978722,3.9147e+07,0,1.80174e+06,8.18974e+06,1.70347e+07,982769,1.21208e+07,0,7.92767e+07
6978824,5.24143e+07,0,2.62072e+06,1.03191e+07,2.85003e+07,1.14656e+06,1.21208e+07,0,1.07122e+08
6978824,5.24143e+07,0,2.62072e+06,1.03191e+07,2.85003e+07,1.14656e+06,1.21208e+07,0,1.07122e+08
17542255,6.06041e+06,0,0,1.62157e+07,0,0,1.63795e+06,0,2.3914e+07
5135663,2.83365e+07,6.388e+06,0,7.60008e+07,8.02595e+06,163795,2.93193e+07,0,1.48234e+08
4997469,5.07764e+06,0,0,2.45692e+06,0,0,1.44139e+07,0,2.19485e+07
4999325,327590,0,0,5.07764e+06,655179,0,6.06041e+06,0,1.21208e+07
4994829,2.12933e+06,0,0,4.09487e+06,491384,0,6.71559e+06,0,1.34312e+07
4995021,2.78451e+06,818974,0,8.51733e+06,1.96554e+06,0,2.19485e+07,0,3.60349e+07
22252297,6.2242e+06,163795,0,3.43969e+06,491384,0,6.71559e+06,0,1.70347e+07
22253933,5.40523e+06,491384,0,5.89661e+06,327590,0,5.73282e+06,0,1.78536e+07
22251067,3.43969e+06,491384,0,8.68112e+06,0,0,6.388e+06,0,1.90002e+07
22254255,2.01467e+08,3.84918e+07,818974,6.09972e+08,1.80174e+07,1.21208e+07,1.71984e+08,0,1.05287e+09
11918837,1.85088e+07,0,0,1.65433e+07,0,0,982769,0,3.60349e+07
7002298,2.24399e+07,0,327590,1.94916e+07,0,0,1.34312e+07,0,5.56902e+07
7002296,1.08105e+07,163795,0,1.44139e+07,0,0,3.2759e+06,0,2.86641e+07
5964304,0,0,0,1.63795e+06,0,0,6.2242e+06,0,7.86215e+06
5137231,327590,0,0,6.388e+06,0,0,1.44139e+07,0,2.11295e+07
5123886,818974,491384,163795,6.388e+06,0,0,1.2776e+07,0,2.06381e+07
5124112,0,0,0,163795,0,0,2.3914e+07,0,2.40778e+07
5124018,1.47415e+06,655179,0,5.40523e+06,0,0,2.11295e+07,0,2.86641e+07
5123858,163795,0,163795,3.43969e+06,0,0,7.69836e+06,0,1.14656e+07
5124368,0,0,327590,3.43969e+06,0,0,1.40864e+07,0,1.78536e+07
6594246,3.93108e+07,655179,491384,2.45692e+06,1.13018e+07,0,0,163795,5.43799e+07
6590838,8.3044e+07,982769,1.26122e+07,3.93107e+06,6.09317e+07,2.62072e+06,1.53967e+07,2.62072e+06,1.8214e+08
13308803,163795,0,163795,8.02594e+06,1.14656e+06,0,163795,0,9.66389e+06
13308875,327590,0,655179,1.63795e+07,2.62072e+06,0,655179,0,2.06381e+07
13310169,982769,0,0,2.94831e+06,655179,0,0,0,4.58625e+06
13337328,2.12933e+06,0,982769,3.0302e+07,5.24143e+06,0,0,0,3.86556e+07
13337132,327590,0,327590,9.17251e+06,0,0,327590,0,1.01553e+07
13337050,163795,0,491384,2.62072e+06,2.12933e+06,0,163795,0,5.56902e+06
13336628,1.47415e+06,0,3.43969e+06,3.47245e+07,2.12933e+06,327590,491384,0,4.25866e+07
13336336,1.14656e+06,0,1.47415e+06,1.9164e+07,491384,0,982769,0,2.32589e+07
17226697,163795,0,0,8.68112e+06,1.32674e+07,0,0,0,2.21123e+07
14623168,1.31036e+06,0,0,1.76898e+07,1.31036e+06,0,0,0,2.03106e+07
17233534,4.09487e+06,0,0,2.09657e+07,1.3595e+07,0,0,0,3.86556e+07
17233532,1.47415e+06,0,0,1.40864e+07,1.17932e+07,0,0,0,2.73537e+07
7016653,1.9164e+07,0,982769,0,4.91384e+06,491384,0,0,2.5552e+07
7016673,3.27098e+08,0,6.04403e+07,5.56902e+06,4.16039e+07,1.62157e+07,9.3363e+06,3.2759e+06,4.63539e+08
6947944,3.93108e+06,0,1.14656e+06,1.63795e+06,1.31036e+06,0,0,0,8.02594e+06
13210220,0,0,0,3.60349e+06,655179,491384,2.62072e+06,0,7.37077e+06
17538679,3.43969e+06,0,0,1.06467e+07,0,0,0,0,1.40864e+07
13373065,1.31036e+06,0,491384,7.37077e+06,7.04318e+06,818974,163795,0,1.71985e+07
4994961,4.25866e+06,163795,163795,2.29313e+06,0,0,1.06467e+07,0,1.7526e+07
5120872,2.94831e+06,327590,0,1.96554e+06,0,0,6.2242e+06,0,1.14656e+07
5124454,1.47415e+06,0,0,3.93108e+06,0,0,4.20953e+07,0,4.75005e+07
7242423,5.07764e+06,0,0,9.5001e+06,0,0,163795,0,1.47415e+07
11915629,2.78451e+06,491384,327590,7.86215e+06,655179,0,0,0,1.21208e+07
17239816,7.04318e+06,163795,163795,1.73622e+07,0,0,0,0,2.4733e+07
940230074,2.94831e+06,0,0,8.02594e+06,0,0,0,0,1.09743e+07
13372067,1.14656e+06,0,818974,2.12933e+06,2.45692e+06,0,0,0,6.55179e+06
7242697,1.96554e+06,0,0,1.76898e+07,0,0,0,0,1.96554e+07
14620086,9.63114e+07,7.10869e+07,2.78451e+06,1.98192e+07,1.14984e+08,8.02595e+06,5.40523e+06,0,3.18417e+08
6597550,,,,,,,,,
6979044,1.81812e+07,0,982769,1.31036e+06,1.50691e+07,0,0,0,3.55435e+07
11916245,1.31036e+06,0,0,8.35353e+06,0,0,0,0,9.66389e+06
22477695,5.8711e+09,2.8664e+08,2.00994e+09,2.9706e+09,3.76238e+09,8.91534e+08,3.13012e+08,1.34967e+08,1.62402e+10
22477379,5.86455e+09,2.79925e+08,2.00945e+09,2.96011e+09,3.75649e+09,8.9006e+08,3.13012e+08,1.34967e+08,1.62086e+10
6610078,4.09487e+06,1.63795e+06,0,4.09487e+06,1.1138e+07,163795,0,0,2.11295e+07
937080094,4.56332e+08,2.96469e+07,1.01553e+08,2.1195e+08,3.08098e+08,3.86556e+07,1.03846e+08,5.7492e+07,1.30757e+09
6609800,5.71644e+07,3.76728e+06,982769,2.94831e+06,7.46904e+07,327590,0,0,1.39881e+08
6948638,6.71559e+06,0,1.96554e+06,982769,3.93108e+06,327590,0,0,1.39226e+07
7017239,1.80174e+06,327590,3.2759e+06,1.14656e+06,5.56902e+06,0,163795,0,1.22846e+07
7017239,1.80174e+06,327590,3.2759e+06,1.14656e+06,5.56902e+06,0,163795,0,1.22846e+07
22253349,2.12933e+06,0,0,5.40523e+06,818974,0,8.02594e+06,0,1.63795e+07
6947636,3.2759e+06,163795,1.63795e+06,0,2.29313e+06,655179,163795,0,8.18974e+06
6980800,3.70176e+07,163795,7.86215e+06,5.56902e+06,2.3914e+07,1.14656e+06,1.63795e+06,163795,7.74749e+07
22249099,1.31036e+06,2.62072e+06,0,1.09743e+07,0,0,163795,0,1.50691e+07
17539115,982769,163795,0,2.29313e+06,0,0,0,0,3.43969e+06
7225392,1.14656e+06,163795,0,9.5001e+06,0,0,0,0,1.08105e+07
22474521,5.73282e+06,982769,0,1.31036e+06,4.58625e+06,0,0,0,1.26122e+07
11916245,1.31036e+06,0,0,8.35353e+06,0,0,0,0,9.66389e+06
22471767,1.14656e+06,0,163795,2.12933e+06,818974,163795,0,0,4.42246e+06
6610078,4.09487e+06,1.63795e+06,0,4.09487e+06,1.1138e+07,163795,0,0,2.11295e+07
5000831,3.76728e+06,0,0,655179,0,0,5.24143e+06,0,9.66389e+06
22474307,1.63795e+06,1.31036e+06,0,982769,2.78451e+06,327590,0,0,7.04318e+06
6609766,1.03191e+07,4.25866e+06,0,0,9.66389e+06,0,0,0,2.42416e+07
2527015,4.58625e+06,0,0,6.2242e+06,0,0,1.47415e+06,0,1.22846e+07
13357294,0,491384,0,1.80174e+06,655179,0,327590,0,3.2759e+06
6609862,2.62072e+06,327590,0,655179,5.56902e+06,163795,0,0,9.3363e+06
6609864,3.2759e+06,655179,0,3.43969e+06,6.388e+06,163795,0,0,1.39226e+07
22474137,6.87938e+06,2.78451e+06,0,818974,9.99148e+06,0,163795,0,2.06381e+07
14803911,327590,0,0,2.45692e+06,0,0,0,0,2.78451e+06
22476809,4.66014e+09,1.90657e+08,1.71003e+09,1.83615e+09,3.14995e+09,5.80817e+08,2.90244e+08,1.31691e+08,1.25497e+10
22476809,4.66014e+09,1.90657e+08,1.71003e+09,1.83615e+09,3.14995e+09,5.80817e+08,2.90244e+08,1.31691e+08,1.25497e+10
22476809,4.66014e+09,1.90657e+08,1.71003e+09,1.83615e+09,3.14995e+09,5.80817e+08,2.90244e+08,1.31691e+08,1.25497e+10
22248781,1.88364e+07,0,163795,491384,2.94831e+06,0,0,0,2.24399e+07
11916245,1.31036e+06,0,0,8.35353e+06,0,0,0,0,9.66389e+06
22474117,9.82769e+06,0,4.42246e+06,0,1.17932e+07,5.89661e+06,0,0,3.194e+07
22472037,163795,0,0,0,163795,0,0,0,327590
22472121,818974,0,327590,327590,1.14656e+06,0,0,0,2.62072e+06
17554959,2.12933e+06,0,818974,1.31036e+06,1.63795e+06,491384,0,0,6.388e+06
17219024,0,163795,0,0,2.42416e+07,0,0,0,2.44054e+07
17243984,0,4.42246e+06,0,0,5.79834e+07,0,0,0,6.24058e+07
17554919,6.55179e+06,0,163795,3.43969e+06,5.89661e+06,163795,0,0,1.62157e+07
17219344,0,0,0,0,3.93108e+06,0,0,0,3.93108e+06
11916317,2.78451e+06,491384,327590,7.86215e+06,655179,0,0,0,1.21208e+07
6609898,1.47415e+06,327590,0,655179,3.2759e+06,163795,0,0,5.89661e+06
6609898,1.47415e+06,327590,0,655179,3.2759e+06,163795,0,0,5.89661e+06
6609906,491384,163795,0,2.78451e+06,163795,0,0,0,3.60349e+06
6609916,4.91384e+06,2.94831e+06,0,6.388e+06,1.13018e+07,163795,0,0,2.57158e+07
6597756,1.2776e+07,163795,0,1.14656e+06,1.08105e+07,327590,0,0,2.52244e+07
13357540,327590,982769,0,2.78451e+06,1.31036e+06,0,0,0,5.40523e+06
6597380,982769,982769,0,0,5.07764e+06,0,0,0,7.04318e+06
22471939,2.29313e+06,0,163795,0,1.80174e+06,0,0,0,4.25866e+06
22474253,5.40523e+06,2.62072e+06,0,491384,7.53456e+06,0,163795,0,1.62157e+07
14804053,491384,491384,0,6.388e+06,327590,0,0,0,7.69836e+06
22472057,7.04318e+06,2.78451e+06,0,818974,1.06467e+07,0,163795,0,2.14571e+07
22472017,8.02594e+06,3.1121e+06,0,1.47415e+06,1.17932e+07,0,163795,0,2.45692e+07
22471971,1.71985e+07,3.43969e+06,1.63795e+06,3.2759e+06,2.70261e+07,327590,655179,0,5.35609e+07
17554985,6.71559e+06,818974,1.31036e+06,4.42246e+06,3.1121e+06,1.31036e+06,0,0,1.76898e+07
6965643,1.26122e+07,818974,163795,1.14656e+07,655179,1.14656e+06,327590,0,2.71899e+07
13336456,1.14656e+06,0,1.14656e+06,1.78536e+07,163795,0,163795,0,2.04743e+07
2165785,1.39226e+07,655179,1.22846e+07,1.63795e+06,1.81812e+07,327590,0,0,4.70091e+07
17227223,0,327590,0,0,5.73282e+06,0,0,0,6.06041e+06
17227199,0,0,0,0,6.2242e+06,0,0,0,6.2242e+06
17227143,163795,0,0,655179,1.98192e+07,0,818974,0,2.14571e+07
13210220,0,0,0,3.60349e+06,655179,491384,2.62072e+06,0,7.37077e+06
11916815,3.60349e+06,327590,0,1.17932e+07,0,0,163795,0,1.58881e+07
6597512,3.1121e+06,491384,163795,0,6.388e+06,163795,0,0,1.03191e+07
13311841,4.32091e+08,7.27249e+07,3.51504e+08,7.45922e+08,5.78033e+08,1.00406e+08,6.92852e+07,2.29313e+06,2.35226e+09
22474317,982769,163795,327590,2.29313e+06,491384,163795,0,0,4.42246e+06
22474329,6.55179e+06,0,5.89661e+06,2.62072e+06,3.43969e+06,2.12933e+06,327590,0,2.09657e+07
22475083,3.60349e+06,0,2.78451e+06,0,6.87938e+06,818974,163795,0,1.42501e+07
22474801,3.60349e+06,0,818974,2.29313e+06,1.47415e+06,0,163795,0,8.35353e+06
11915477,5.40523e+06,327590,0,1.73622e+07,1.96554e+06,982769,0,0,2.60434e+07
11915341,7.37077e+06,0,0,1.9983e+07,0,0,818974,0,2.81727e+07
11915285,8.18974e+06,0,0,1.68709e+07,0,1.14656e+06,0,0,2.62072e+07
22474253,5.40523e+06,2.62072e+06,0,491384,7.53456e+06,0,163795,0,1.62157e+07
14620356,2.62072e+06,0,0,1.63795e+06,0,0,0,0,4.25866e+06
19207485,327590,0,0,2.78451e+07,327590,0,0,0,2.85003e+07
17207980,0,0,0,0,2.62072e+06,0,0,0,2.62072e+06
13373425,0,163795,0,1.22846e+07,2.12933e+06,0,655179,0,1.52329e+07
14620386,2.5552e+07,0,0,1.01553e+07,982769,2.29313e+06,5.56902e+06,0,4.45522e+07
6609842,163795,327590,0,818974,4.75005e+06,0,0,0,6.06041e+06
13375337,7.53456e+06,0,0,9.5001e+06,491384,163795,0,0,1.76898e+07
11919635,1.63795e+07,0,0,6.388e+06,0,0,1.14656e+06,0,2.3914e+07
7016421,3.60349e+06,0,5.40523e+06,0,6.71559e+06,163795,0,0,1.58881e+07
22250381,6.388e+06,1.63795e+06,0,3.45607e+07,1.47415e+06,982769,1.3595e+07,0,5.86385e+07
7017243,3.84918e+07,655179,7.86215e+06,2.94831e+06,4.25866e+06,2.45692e+06,0,0,5.6673e+07
7017253,4.27504e+07,655179,9.00871e+06,3.76728e+06,4.42246e+06,2.45692e+06,0,0,6.3061e+07
7017043,4.91384e+06,491384,3.2759e+06,818974,5.56902e+06,491384,491384,0,1.60519e+07
22477241,2.94831e+06,491384,0,2.45692e+06,163795,0,0,0,6.06041e+06
14624732,491384,327590,0,2.94831e+06,1.3595e+07,0,0,0,1.73622e+07
6948704,2.94831e+07,327590,1.31036e+06,0,1.14656e+06,1.14656e+06,0,0,3.34141e+07
13377411,2.45692e+06,0,0,5.40523e+06,163795,0,0,0,8.02594e+06
7016973,2.12933e+06,327590,3.76728e+06,327590,4.42246e+06,0,0,0,1.09743e+07
17239296,4.58625e+06,0,0,1.09743e+07,0,0,0,0,1.55605e+07
17239840,3.35288e+08,5.73282e+06,9.17251e+06,4.39298e+08,1.53967e+07,0,1.63795e+07,0,8.21267e+08
7243863,4.58625e+06,0,0,5.07764e+06,0,0,655179,0,1.03191e+07
7243747,1.17932e+07,0,0,7.04318e+06,0,0,1.47415e+06,0,2.03106e+07
17239842,3.76728e+06,0,0,1.26122e+07,327590,0,0,0,1.67071e+07
6595946,7.86215e+06,0,0,6.2242e+06,491384,327590,3.57073e+07,327590,5.09402e+07
14619108,,,,,,,,,
6620244,6.2242e+06,327590,0,4.42246e+06,9.17251e+06,163795,327590,0,2.06381e+07
6620244,6.2242e+06,327590,0,4.42246e+06,9.17251e+06,163795,327590,0,2.06381e+07
17538293,4.42246e+06,0,0,1.60519e+07,327590,0,0,0,2.08019e+07
14794859,3.2759e+06,818974,0,8.68112e+06,3.76728e+06,2.45692e+06,0,0,1.90002e+07
6950710,9.3363e+06,0,1.47415e+06,327590,1.34312e+07,982769,0,0,2.5552e+07
7005810,2.80089e+07,163795,0,1.16294e+07,0,0,4.25866e+06,0,4.40608e+07
7005950,3.30866e+07,655179,0,1.94916e+07,982769,0,5.07764e+06,0,5.92937e+07