comid,rusle_sum,rusle_majority,rusle_mean,counts
6979044,1.39994e+06,269,550.259,39770
2165863,380485,136,213.03,9934
14803821,3.36179e+06,766,971.414,26588
22477379,7.92494e+08,182970,219370,1.79789e+07
5120872,424365,65,213.099,12711
14623416,1.28532e+06,457,427.255,21395
6619976,2.47149e+06,1287,1282.74,22445
6609926,849953,12,310.116,18886
22249009,282688,0,9.96679,56726
13357294,191893,0,44.8453,4279
13337704,350478,115,133.929,11235
17539093,648282,700,370.332,10390
17539093,648282,700,370.332,10390
5121448,99568,3,22.1262,4500
17218568,4.31323e+06,869,1053.41,20462
6597134,1.0017e+07,1010,1758.06,247304
19166665,3.35566e+06,3550,3203.18,26845
17243636,1.15446e+06,21,92.6314,12463
17539225,1.308e+06,280,274.877,10034
6609790,30341,0,10.4732,2897
6609766,822049,247,307.411,27163
6609988,514064,87,118.814,9424
22471909,1.82903e+06,759,605.149,50875
22474117,1.34452e+06,3,110.297,36570
13310287,386992,2,72.1808,10361
7017239,307903,6,74.4163,12590
6609812,868607,261,325.808,38186
6572456,2.789e+06,200,273.976,66114
22254479,4.49976e+06,3002,2738.23,32064
22254495,1.20159e+06,20,474.428,10760
22254523,6.24025e+06,3130,3233.37,32151
22254467,3.53036e+06,2323,1751.57,15539
22254471,1.99282e+06,1246,696.238,20421
3722953,3.48734e+06,1958,1366.34,33037
13210192,510767,60,105.248,4853
13210172,528278,121,157.775,6776
13211112,1.16382e+06,248,258.147,13403
13211112,1.16382e+06,248,258.147,13403
22476391,1.29339e+06,144,170.767,15148
17540033,769524,313,369.991,9465
22477611,6.81769e+06,3468,3168.52,76438
22471909,1.82903e+06,759,605.149,50875
22474229,1.20811e+06,300,185.73,32873
22474241,561230,132,172.416,15394
22474413,1.37369e+06,367,414.697,32044
7017365,3.51112e+06,211,226.237,91738
22475155,1.69238e+06,550,509.43,27613
22474973,805858,187,161.362,15132
22474253,782368,230,210.751,18523
22474269,1.3519e+06,362,238.298,38549
6598056,1.21475e+06,136,161.12,37574
6595028,804738,40,90.8236,17745
6948750,557938,23,30.084,18546
6949904,579845,130,150.21,15681
22472913,502327,54,42.8241,11730
22472845,486391,316,281.759,11404
6947786,516703,313,250.239,10693
6606184,2.5934e+06,229,219.931,64660
6606174,1.82742e+06,20,34.9751,52249
6606256,1.14331e+06,375,471.725,27686
2165369,252125,46,43.5449,5790
6560899,830503,1,45.6898,18177
6618238,759573,757,441.801,4332
19166495,3.87934e+06,1457,1348.97,25199
19166081,9.22409e+06,1086,2330.77,49302
17555191,1.18871e+06,496,387.522,25202
14795691,946555,476,485.794,15063
17556305,3.10823e+06,322,638.147,24246
17556319,5.39528e+06,917,1469.24,34287
17556359,2.39453e+06,370,589.51,19126
17555159,1.63568e+06,518,588.276,21553
6566271,3166,6,14.3319,1359
6566521,1.49593e+06,518,367.656,48357
14622890,1.78933e+06,1250,883.231,22060
14622672,1.5705e+06,629,533.504,22107
14623416,1.28532e+06,457,427.255,21395
6949278,535266,259,261.898,11501
6948406,482465,161,183.602,17192
5135699,1.45494e+06,124,737.967,18857
22253177,398635,17,94.2513,12502
14621980,559061,113,137.572,20926
13309017,773680,2,84.6848,9136
13312723,1.39021e+06,116,608.702,14168
14795813,1.42321e+06,100,385.182,7640
14795867,558432,125,190.821,14973
13375337,1.67426e+06,144,201.346,19153
14796819,568684,122,123.047,13858
17206790,3.18306e+06,1655,1205.83,17450
6609988,514064,87,118.814,9424
6609988,514064,87,118.814,9424
5103020,1.59729e+06,533,303.323,17599
13376213,363111,124,84.8581,8523
13376235,341957,62,48.9349,6988
13312981,1.1142e+06,107,474.847,6153
6950330,442746,148,152.157,11454
13376323,1.41618e+06,615,706.798,32416
11919497,563857,45,182.985,9895
13372991,630007,203,161.872,3892
13373197,1.82284e+06,1541,896.111,14728
6947600,424530,121,120.76,11031
6947628,501439,216,180.192,10622
6947624,609577,96,86.7437,13510
6947622,447658,45,48.5266,9225
13372001,345453,117,87.5629,8233
13311345,687707,225,221.495,11925
13311949,885190,90,100.504,17496
6947592,1.33298e+06,671,626.339,31417
6948006,351668,105,77.3925,8815
6947530,293729,60,40.5591,7242
13312253,390397,150,174.654,6958
13310957,1.51382e+06,686,524.216,17503
7016519,1.2441e+06,151,158.832,37915
7016519,1.2441e+06,151,158.832,37915
6560531,1.81954e+06,317,268.104,43530
22472361,1.17989e+06,99,101.512,23057
6619852,5.75931e+06,88,181.544,126896
22474233,358999,58,44.1193,8137
22474277,771962,269,241.414,17991
22474923,981510,446,349.965,23009
6620932,1.31413e+06,142,519.68,22667
19163815,1.21582e+06,896,483.155,7789
6620116,860994,25,41.4917,20751
6572090,1.70708e+06,494,499.183,27261
7003320,2.07598e+06,306,319.526,23559
13309523,600259,267,238.688,12981
13309567,559781,229,203.96,13294
13310379,1.41051e+06,367,495.381,32911
13309931,298899,1,39.5317,7561
13310423,450082,129,124.125,11078
17543627,3.07987e+06,1354,759.272,19179
17542921,5.09948e+06,3068,2038.32,31568
11917269,1.46943e+06,4,253.656,11586
11917101,2.06589e+06,473,472.436,12046
11917729,2.39483e+06,521,421.341,16160
11916767,3.18406e+06,1264,1597.13,19261
11915463,1.97149e+06,74,140.25,14057
11915457,3.49679e+06,447,284.282,24647
13374709,2.44201e+06,508,1086.67,25565
13361270,3.83172e+06,3674,2392.82,20386
6981186,484759,60,69.6293,6962
6981500,141542,26,40.6263,3484
6979694,3.40891e+06,2553,1323.37,25175
6979692,2.03578e+06,1984,953.685,14711
11915361,246621,2,87.1144,2831
11915917,129432,28,28.1864,4592
11915629,897540,30,201.996,13258
17540521,1.55648e+06,195,244.087,23806
17540263,1.50492e+06,125,253.297,15751
13377495,5.62154e+06,3077,2728.29,23802
13377043,1.35521e+06,518,504.569,20571
13377599,2.61827e+06,1513,1249.85,10520
13377491,2.07607e+06,875,846.116,23462
6965285,130956,129,56.2068,5630
6965273,256587,64,52.0989,4925
6964715,960527,294,287.294,11100
17555769,675039,74,66.4998,10151
6950710,1.18737e+06,569,480.36,28167
11918959,987570,27,100.731,9804
5120872,424365,65,213.099,12711
7242761,786975,201,208.296,10967
7226144,2.29626e+06,201,168.698,35319
7225268,1.02888e+06,201,169.038,17498
22255723,521365,127,389.465,10528
22249737,3.0789e+06,1524,873.961,31523
6983626,2.38353e+06,475,967.4,31124
17539199,3.85833e+06,2490,2534.04,27021
17539311,1.76027e+06,154,197.736,26181
17538155,1.40703e+06,397,501.782,23993
7015675,864137,74,92.7521,25615
4994973,281713,169,244.949,13040
19166523,2.78786e+06,3438,1907.42,18416
14620388,486084,69,83.6414,19082
14621726,506627,46,81.7294,11960
14621740,658255,99,78.1728,15176
14620826,498908,156,151.194,9870
7243815,556628,82,78.0427,21201
19167073,2.2725e+06,837,772.011,19581
17239962,4.6427e+06,452,215.969,21497
17233716,1.99704e+06,560,489.569,39201
22248781,622442,43,73.2895,24895
6597312,271991,3,61.4634,14286
6597270,1.24542e+06,22,59.6991,41001
22249293,508853,21,30.663,16595
22248825,1.15006e+06,124,152.085,36661
17218398,8.79332e+06,3538,3449.73,40282
17219024,3.96498e+06,235,1162.15,27328
19208055,1.68816e+06,161,356.412,13833
19208091,4.00971e+06,870,1289.27,28562
17543477,3.22576e+06,975,712.082,20771
11917353,1.26808e+06,868,951.999,11998
11916761,1.3126e+06,519,525.009,15394
5103900,806830,14,107.224,12613
2528217,201072,36,104.507,1924
14804137,1.44355e+06,850,1173.56,25936
14803787,1.2119e+06,100,172.445,21193
14803753,162678,74,56.4071,2884
14803841,2.61514e+06,753,845.535,34037
14803821,3.36179e+06,766,971.414,26588
14803819,1.76269e+06,730,900.498,9147
7309893,6.80143e+06,2394,1624.75,37410
19207481,6.21432e+06,2104,1239.71,34907
17238880,727479,73,42.6124,17072
17238874,552321,212,165.112,17328
17239820,2.21567e+06,73,66.4948,33321
17240102,1.65538e+07,7389,6121.16,360756
17240202,1.50946e+06,578,382.714,41490
6979044,1.39994e+06,269,550.259,39770
6979036,2.901e+06,189,331.506,78299
6980772,2.34007e+06,251,508.908,64207
6980656,2.07191e+06,188,459.338,52449
17543703,4.16723e+08,105358,120006,6.38218e+06
17539225,1.308e+06,280,274.877,10034
22475363,1.34612e+06,360,364.974,19426
22476055,598523,172,198.813,16314
22476181,841621,719,746.32,7622
17541213,2.91368e+06,1174,1519.05,20206
17541373,251503,25,82.1368,3062
3722649,116792,10,64.7406,1804
2526989,231773,2,28.7417,8064
4994409,1.6013e+06,697,513.863,18602
22252021,1.7709e+06,140,442.031,27887
11919635,1.21598e+06,27,45.8171,26540
7002558,1.43021e+06,201,401.174,16453
7003568,1.23746e+06,81,162.356,21911
7002376,1.70286e+06,109,369.08,21075
5123862,914266,333,384.65,17091
6594380,1.08166e+06,60,47.7071,22673
13337818,1.18528e+06,131,257.283,25727
17227367,1.57794e+07,7950,5348.39,70425
17226917,1.98138e+06,585,850.331,9273
6566467,887262,275,259.109,22909
6566175,905670,118,121.442,26863
6559823,1.29976e+06,124,136.404,25952
7016691,508814,75,97.1203,15899
5135009,2.39904e+06,1438,1295.03,20628
19126067,2.29331e+06,1257,1260.68,13772
22249665,5.6134e+06,2927,3076.7,28150
19165329,3.17466e+06,3100,1592.88,21964
2527029,2.4921e+06,1028,659.191,26224
13210858,4.8286e+06,17,263.507,65438
13211528,1.3446e+06,234,117.33,11460
13210820,3.51136e+06,760,1120.35,29870
13210834,3.85384e+06,778,1311.02,33457
13211470,292889,2,38.3614,7635
13210606,4.6107e+06,420,562.827,56041
13210820,3.51136e+06,760,1120.35,29870
13211496,4.63439e+06,4,149.588,61962
13210264,358290,170,185.205,5840
13210348,1.44038e+06,402,580.805,17751
13210348,1.44038e+06,402,580.805,17751
13210404,2.3884e+06,735,592.203,26853
13210422,1.26966e+06,489,375.407,16676
13336410,567146,256,394.923,10937
13337268,1.59479e+06,51,378.048,20457
5121596,417912,50,163.996,19319
5798354,848541,32,153.517,16762
5000115,307274,43,72.4767,11380
22473617,761257,216,283.424,8057
22475935,883916,222,354.808,11570
22475289,984494,504,459.35,15091
22474323,1.44718e+06,423,299.32,41220
22474399,1.54642e+06,425,338.381,46148
22476839,5.72713e+08,111258,134452,1.41396e+07
22476841,635178,82,107.258,15812
22474701,941725,347,383.445,16289
22471901,511313,180,132.194,11484
22471847,1.19728e+06,466,424.011,26497
22471921,797594,300,202.15,19536
22471901,511313,180,132.194,11484
22471997,1.26626e+06,356,257.257,28876
6949112,1.14745e+06,133,131.509,37535
7017273,374838,1,48.6171,7710
22472915,808313,169,140.536,18683
6950096,612862,345,336.817,12129
6947936,558279,194,191.773,11897
13372289,610329,270,272.883,11176
13372331,588006,199,184.168,12938
13372415,428845,145,144.338,8942
17225249,136171,177,77.0634,1767
6606248,818266,236,312.479,19503
6606390,1.3478e+06,511,557.426,31917
2165295,801473,386,327.551,17416
22471685,689201,240,212.675,15579
6560899,830503,1,45.6898,18177
6560947,882280,241,300.192,20594
6619732,2.39021e+07,10230,7662.88,180227
17556395,1.53121e+06,74,122.624,12487
6561405,730874,131,210.594,20985
6561439,522343,204,282.229,14177
6561437,923129,244,287.023,27768
6561449,1.70958e+06,501,660.411,49750
2165699,530529,104,144.201,14903
2166249,5.95119e+06,809,1218.71,117470
6560079,599466,78,88.9745,19533
2164527,1.32062e+06,156,212.008,36780
2164559,2.03751e+06,358,407.6,55558
2164563,2.17454e+06,385,463.483,59292
2164521,5.33164e+06,602,1134.3,95393
6566287,6.13905e+06,106,319.03,165354
6566317,8.51212e+06,541,967.159,221434
6566533,2.75972e+06,159,279.485,66422
6566231,1.85441e+06,107,206.567,40665
14622988,1.31486e+06,1455,898.62,11866
14622840,467473,422,285.456,4850
14623026,2.9703e+06,1244,878.588,31849
14623062,3.51628e+06,1714,1130.51,38004
14622566,1.15304e+06,762,518.383,21507
14622562,893167,484,346.157,16668
14623406,2.63599e+06,988,695.215,47396
14622616,2.45661e+06,760,655.624,38057
17233702,1.17163e+06,426,333.291,25983
17233702,1.17163e+06,426,333.291,25983
17234216,1.56089e+06,305,231.284,28271
17233846,5.01128e+06,2269,1863.76,95795
6948330,832413,483,486.071,17367
6946978,225588,23,37.3181,6045
6946980,507419,98,110.755,15698
13310147,889637,213,278.239,18559
13309993,687835,104,247.146,13755
22253201,2.51845e+06,284,566.15,32823
14621764,2.7781e+06,175,161.229,71293
14620956,1.62613e+06,88,244.043,45318
14620452,735533,82,69.4275,26820
14620336,2.17943e+07,1124,2402.14,670550
13312119,2.0957e+06,51,582.363,13168
13313203,738634,11,84.9297,8697
13309087,2.0085e+06,768,465.374,12327
14795507,2.77729e+06,224,761.429,35116
14795673,1.34348e+06,181,260.852,16421
13378181,2.38448e+06,833,751.996,9293
4999903,1.2609e+06,230,598.106,51317
6950336,276180,161,126.948,6528
6950328,142400,136,113.343,3805
6950210,1.01209e+06,444,549.785,22505
13376447,1.34079e+06,202,373.107,27241
13372423,1.56579e+06,149,314.378,16820
13372847,2.45311e+06,531,471.491,18028
6964863,1.79927e+06,578,629.37,66008
7005724,163501,48,36.4551,4485
7003204,471175,127,138.291,7090
7003216,980943,381,389.886,14873
13373197,1.82284e+06,1541,896.111,14728
13372829,1.45077e+06,343,363.979,36178
13372039,1.29085e+06,288,251.807,32233
13372107,2.35546e+06,777,784.787,53457
6947598,1.5811e+06,792,740.72,37128
6947610,2.06672e+06,914,887.117,50542
6947612,1.94374e+06,994,863.415,45692
6948958,384925,100,174.44,11037
6948974,579198,42,63.6495,17078
6949000,413671,327,296.28,11536
13312439,2.03404e+06,427,442.98,35723
13371963,496184,36,42.0887,11789
13312231,1.23247e+06,301,420.767,20905
13313413,2.84102e+06,879,903.856,59771
6947538,739928,287,285.891,15915
13313413,2.84102e+06,879,903.856,59771
6947500,329946,120,98.2119,6718
6948870,803275,697,551.432,19340
13311995,2.68464e+06,611,934.982,18068
13311309,3.61812e+06,1237,1300.12,46760
13311165,230521,60,49.7241,4636
13311469,847013,250,263.892,19961
13311469,847013,250,263.892,19961
13309147,526781,417,193.598,2721
13309159,5.71282e+06,2856,2218.2,50402
6561075,1.08607e+06,335,421.476,28735
7016397,678977,61,129.535,25961
7016413,457329,1,29.5432,15480
7016175,365064,28,64.9389,10444
22472329,704940,78,112.373,20079
2166195,442892,150,192.996,7450
2166185,4.83582e+06,803,769.602,98223
2166155,4.15706e+06,555,502.278,87979
2166049,182023,73,77.5887,2346
2166057,2.80318e+06,863,701.019,59718
2165929,3.04366e+06,37,41.4335,73459
2165929,3.04366e+06,37,41.4335,73459
2166027,3.38102e+06,198,168.053,76475
2166027,3.38102e+06,198,168.053,76475
2166027,3.38102e+06,198,168.053,76475
2165783,1.02113e+06,287,382.329,31795
2165827,1.78062e+06,444,447.401,39441
3701840,3.603e+06,326,824.502,27852
6621574,1.46953e+06,22,45.5443,32266
6571212,1.61008e+06,140,130.478,23017
6571266,376583,95,124.728,6408
22475201,1.71656e+06,566,548.585,22232
22474885,1.06102e+06,350,322.308,16359
22476751,2.32334e+06,380,364.947,46308
22474617,1.54855e+06,960,776.132,28699
22474395,1.1634e+06,570,564.962,18929
22474395,1.1634e+06,570,564.962,18929
22474443,931937,560,373.842,18952
22471839,1.41297e+06,332,443.519,28355
22471791,559467,167,135.048,12226
6621308,6.6504e+06,3441,2736.67,35974
6620330,1.44162e+06,451,797.99,13936
6570308,1.79602e+06,200,294.665,52169
6572222,1.61904e+06,225,323,14589
7005596,3.34256e+06,500,912.045,54024
7003494,2.22086e+06,263,568.708,38810
7002950,1.95889e+06,108,262.239,26974
13309903,47142,1,21.6546,2177
6946550,464566,49,68.1024,13893
13309741,607449,115,119.868,15204
13337846,1.06224e+06,82,196.98,25226
13337736,638309,367,270.513,15492
13335926,486845,307,369.463,11145
17226743,9.91513e+06,5313,3353.17,47317
17227325,2.5363e+06,2860,1660.9,13672
17226247,723719,424,333.654,4298
17226559,444851,757,355.721,3175
17226743,9.91513e+06,5313,3353.17,47317
17226163,1.52956e+06,671,699.528,15434
17225949,1.76822e+06,1565,785.118,16689
17226083,1.82142e+06,1752,1179.94,16353
17226139,2.15563e+06,1273,790.677,17413
17225881,122747,212,97.4956,1259
14623124,3.50567e+06,2767,1942.82,48845
14623164,7.61102e+06,3455,2289.9,69317
14623218,5.07218e+06,4729,2977.65,41896
11917753,5.36991e+06,2743,2695.32,38927
11915761,2.62087e+06,477,667.853,17083
11916775,3.32444e+06,666,1355.23,23883
11917143,1.93914e+06,520,617.389,22251
11915341,5.18311e+06,1531,2198.86,30656
17543097,1.77628e+06,150,387.369,12677
17542381,173263,2,89.4492,1937
17542441,2.07109e+06,339,636.899,18189
17542479,3.27191e+06,582,966.209,25023
17542973,3.6313e+06,1384,1524.57,25240
13374191,1.51217e+06,489,937.147,10170
13360784,2.30272e+06,900,1270.78,15805
13373513,2.51925e+06,1715,1776.58,21552
7003524,1.63681e+06,419,594.808,32412
7002982,2.69332e+06,453,437.483,25494
11915549,663334,2,133.093,4984
11915491,2.16715e+06,557,690.175,16001
17540537,883162,222,242.716,10998
14795281,3.9799e+06,2398,1570.87,24269
14794679,1.14098e+06,386,191.408,11922
14794859,2.13938e+06,428,727.478,21127
6950588,2.96199e+06,1361,1478.22,31384
13377127,5.62132e+06,2594,3221.49,26172
13377165,866883,330,312.69,15167
6996205,4.11098e+06,1886,1107.77,36693
6996033,1.09196e+06,304,345.565,9346
6995645,1.69462e+06,441,319.471,14390
6995819,4.57584e+06,1056,1379.34,44066
11918495,2.04003e+06,183,424.237,24070
11920111,2.0074e+06,645,426.265,14732
5002663,302766,189,150.162,13348
7005960,457769,98,55.6761,8222
22477481,345192,76,108.458,6452
17555593,2.62085e+06,174,167.557,43180
17554833,865112,115,212.852,24052
11919153,910373,302,306.306,16193
11918867,3.02488e+06,372,643.89,23845
5001841,1.41631e+06,152,541.23,26446
7243707,4.40267e+08,137849,135015,8.89993e+06
7243847,1.0148e+06,328,274.522,27516
7243821,914101,369,380.835,27039
7242765,1.15566e+06,493,360.226,22827
7242809,926742,359,248.746,18713
7243905,815962,63,98.3973,24719
7242543,1.679e+06,243,224.421,43116
7243025,2.041e+06,429,368.137,34387
7243007,36820,1,18.273,2015
7242819,1.79071e+06,511,473.928,24187
7226144,2.29626e+06,201,168.698,35319
7226144,2.29626e+06,201,168.698,35319
7226144,2.29626e+06,201,168.698,35319
7226144,2.29626e+06,201,168.698,35319
7243609,1.74691e+06,908,792.399,42784
7243583,999917,524,509.681,26874
7243675,915215,143,124.434,22941
7243685,859204,143,116.158,20878
7243675,915215,143,124.434,22941
7242423,717171,67,44.1934,16228
7242437,522675,21,30.3035,17248
7242417,1.98577e+06,335,377.265,28464
7242471,1.11189e+06,201,235.883,13555
7243451,319340,312,293.495,7569
7243463,780848,416,305.863,17333
7243461,606766,349,252.316,14082
7242255,898245,704,682.587,20124
7242277,1.03606e+06,772,773.82,23166
7242197,242460,514,407.904,4186
7242301,815537,335,299.516,14050
6983626,2.38353e+06,475,967.4,31124
4993939,2.72923e+06,266,822.078,36332
6995863,1.69784e+06,228,370.889,13331
4996483,572180,6,76.0271,7526
6983178,4.45426e+06,3822,2427.46,41943
17538829,2.67914e+06,830,1424.22,25952
17538597,1.36056e+06,643,806.825,13116
17539333,3.20829e+06,455,766.351,19542
6572460,3.51044e+06,420,681.725,29918
7015935,1.14973e+06,26,31.4049,36610
7016491,1.64821e+06,99,86.1887,45709
6946430,3.22996e+06,1326,1325.7,96529
937100033,245382,27,99.1194,11814
4994619,1.50122e+07,3615,8185.06,420675
4994581,1.05964e+06,303,464.394,15819
17239450,983198,416,350.622,20469
14620392,1.20558e+06,463,468.853,40639
14620326,735720,23,32.0841,22931
17239288,748998,68,85.0203,24838
17239286,197862,22,36.2916,5452
17239722,461832,76,49.3094,9366
14620046,162990,38,33.3177,4892
17239238,845296,198,244.884,30970
7243747,706898,174,200.17,22235
7244017,230693,63,38.0054,6070
14621122,1.27573e+06,108,99.6588,25602
7244003,662380,238,179.266,19044
14619700,546066,108,104.15,10707
7243481,318950,146,98.2677,9539
6587303,762558,21,41.3064,18461
17234070,1.05346e+06,770,441.222,10747
17234148,731428,380,234.053,6278
17243620,2.52616e+06,452,182.671,13829
17233876,420259,73,80.2787,5235
17233982,1.03636e+06,263,165.744,10587
17233952,381815,263,159.657,4808
17233484,1.01344e+06,73,84.2501,12029
17234210,599123,219,218.488,7955
7226832,1.93468e+06,452,177.624,10892
17240344,127923,73,77.5291,1650
22248825,1.15006e+06,124,152.085,36661
22248825,1.15006e+06,124,152.085,36661
22248789,772597,183,173.337,23504
22248807,320295,1,31.9688,10019
22249301,720279,74,246.022,25739
6597362,471451,10,131.617,26008
6597320,362517,7,101.044,18323
6597738,6.46506e+08,57457,82635.6,1.85587e+07
6597362,471451,10,131.617,26008
6610066,766690,243,288.794,20485
6981344,682119,137,235.415,19443
22249295,919266,42,68.7243,28023
22248767,195126,21,34.3834,5675
6981160,993566,426,560.062,22320
6981256,318566,21,39.04,8160
6597092,859458,132,195.272,21668
17219024,3.96498e+06,235,1162.15,27328
11917727,3.62166e+06,1681,1554.31,26547
6606338,1.35125e+06,358,302.035,29505
17240248,447359,73,65.6337,6816
17240252,1.1974e+06,267,238.659,25758
17240064,2.44939e+06,73,64.6055,37913
7226516,3.22413e+06,73,78.5187,41062
17239024,976463,314,241.433,22092
17238990,1.54268e+06,878,622.886,31365
7225690,1.26607e+06,606,428.218,27188
6979056,4.21765e+06,653,963.759,112750
6980568,483088,179,309.516,8246
6979038,985115,213,349.194,24634
6978872,5.547e+06,705,936.867,119461
6978980,2.36655e+06,359,477.066,62077
6978826,3.70672e+06,191,382.94,71079
6978722,3.71188e+06,234,423.914,87848
6978824,5.12761e+06,355,578.87,118732
6978824,5.12761e+06,355,578.87,118732
17542255,4.3743e+06,1297,1251.31,27286
5135663,9.66444e+06,3041,6508.38,163794
4997469,1.74241e+06,471,738.637,24002
4999325,316808,194,140.457,13209
4994829,371345,37,154.641,14857
4995021,1.08554e+06,283,494.967,40080
22252297,643407,115,359.317,19087
22253933,589916,84,213.297,19936
22251067,1.27284e+06,22,319.639,21182
22254255,9.47244e+07,41841,45735,1.17015e+06
11918837,2.59581e+06,135,295.202,39674
7002298,4.74616e+06,943,1404.02,62189
7002296,2.99342e+06,189,738.995,31113
5964304,513307,7,57.968,8855
5137231,1.52522e+06,599,569.829,23263
5123886,959134,157,396.564,22995
5124112,1.91973e+06,320,387.23,26614
5124018,2.05055e+06,583,778.719,32401
5123858,780500,326,357.495,12165
5124368,1.19396e+06,106,530.44,20196
6594246,1.87556e+06,104,107.243,59536
6590838,1.2059e+07,773,1029.53,201569
13308803,1.64823e+06,331,429.623,10664
13308875,3.46878e+06,916,1333.62,23039
13310169,304354,90,58.5859,5195
13337328,5.95584e+06,849,1149.86,42704
13337132,922246,236,224.436,11388
13337050,432227,2,70.3724,6142
13336628,3.88946e+06,1137,781.898,47301
13336336,2.92649e+06,1471,1471.15,24406
17226697,5.41661e+06,2834,1858.88,24370
14623168,2.93376e+06,1257,806.555,22645
17233534,6.45903e+06,263,269.993,42561
17233532,5.67509e+06,1009,802.984,30299
7016653,754336,231,236.059,27000
7016673,1.40948e+07,678,696.386,512902
6947944,458699,109,129.127,9334
13210220,723181,84,227.452,8406
17538679,1.58076e+06,647,548.673,15611
13373065,3.44111e+06,3099,2457.04,18507
4994961,448674,55,198.225,19915
5120872,424365,65,213.099,12711
5124454,4.51922e+06,1421,1462.7,52518
7242423,717171,67,44.1934,16228
11915629,897540,30,201.996,13258
17239816,1.84172e+06,73,66.8745,27540
940230074,797685,292,260.942,12027
13372067,868926,829,468.833,7645
7242697,1.35069e+06,737,621.268,21933
14620086,1.02549e+07,546,1588.05,353619
6597550,,,,
6979044,1.39994e+06,269,550.259,39770
11916245,259380,4,57.1924,11001
22477695,7.92757e+08,182970,219397,1.8014e+07
22477379,7.92494e+08,182970,219370,1.79789e+07
6610078,1.00508e+06,208,317.266,23918
937080094,6.80388e+07,6593,9683.12,1.44404e+06
6609800,7.16674e+06,1853,1992.13,154702
6948638,497979,65,140.984,15990
7017239,307903,6,74.4163,12590
7017239,307903,6,74.4163,12590
22253349,1.26201e+06,24,211.466,17818
6947636,197803,61,68.7018,9271
6980800,3.04139e+06,505,884.092,86167
22249099,91312,12,25.5288,16158
17539115,181387,0,48.2156,3762
7225392,677469,201,169.784,11983
22474521,598538,60,42.2309,14173
11916245,259380,4,57.1924,11001
22471767,212508,60,41.603,5108
6610078,1.00508e+06,208,317.266,23918
5000831,218569,64,174.138,10443
22474307,87459,0,11.4896,7612
6609766,822049,247,307.411,27163
2527015,1.24078e+06,168,261.966,13627
13357294,191893,0,44.8453,4279
6609862,565865,122,147.677,10545
6609864,869481,202,224.626,15769
22474137,986284,292,300.552,23311
14803911,324478,209,104.3,3111
22476809,5.65518e+08,109262,132391,1.39176e+07
22476809,5.65518e+08,109262,132391,1.39176e+07
22476809,5.65518e+08,109262,132391,1.39176e+07
22248781,622442,43,73.2895,24895
11916245,259380,4,57.1924,11001
22474117,1.34452e+06,3,110.297,36570
22472037,26217,60,36.362,721
22472121,104530,1,33.9714,3077
17554959,254978,1,35.063,7272
17219024,3.96498e+06,235,1162.15,27328
17243984,3.08909e+06,48,132.67,69852
17554919,782832,91,173.229,18160
17219344,553528,2,122.354,4524
11916317,897586,30,202.683,13325
6609898,378397,60,59.1708,6395
6609898,378397,60,59.1708,6395
6609906,299904,78,73.7408,4067
6609916,1.23939e+06,411,416.85,28998
6597756,1.15113e+06,387,327.112,28565
13357540,348981,0,61.4728,5677
6597380,64233,2,8.14726,7884
22471939,117666,1,24.8818,4729
22474253,782368,230,210.751,18523
14804053,707060,699,703.157,8698
22472057,997059,293,315.034,24055
22472017,1.1139e+06,367,401.178,27728
22471971,2.14126e+06,809,766.233,59872
17554985,781632,101,118.29,19781
6965643,721145,1,43.8037,31033
13336456,2.09988e+06,97,187.872,22626
2165785,2.36464e+06,62,45.5958,51861
17227223,457004,37,357.322,6448
17227199,801518,107,774.586,7194
17227143,1.84276e+06,370,1047.39,24174
13210220,723181,84,227.452,8406
11916815,2.77751e+06,968,818.035,17523
6597512,548592,181,200.339,11480
13311841,1.683e+08,43963,64966.2,2.61244e+06
22474317,188989,60,40.279,4692
22474329,875873,237,251.061,23406
22475083,754334,377,420.014,16105
22474801,369459,60,39.6969,9307
11915477,4.50565e+06,1549,1102.47,29164
11915341,5.18311e+06,1531,2198.86,30656
11915285,5.07465e+06,1515,1552.25,29434
22474253,782368,230,210.751,18523
14620356,191734,23,38.9862,4918
19207485,6.40093e+06,717,1011.25,31672
17207980,207050,413,355.309,3099
13373425,2.16926e+06,1693,1616.35,16825
14620386,1.66921e+06,48,66.4284,50256
6609842,47406,4,7.14053,6639
13375337,1.67426e+06,144,201.346,19153
11919635,1.21598e+06,27,45.8171,26540
7016421,669360,284,260.842,17791
22250381,5.29841e+06,1037,962.92,65399
7017243,1.98251e+06,468,618.629,63835
7017253,2.20848e+06,492,677.659,70803
7017043,836455,278,264.324,17973
22477241,476343,75,79.6427,5981
14624732,3.10529e+06,1000,950.815,19992
6948704,969936,161,187.062,36567
13377411,621131,74,70.9783,8751
7016973,497937,129,126.838,11957
17239296,780932,122,122.476,17699
17239840,4.30009e+07,14372,11853,911682
7243863,436369,107,119.367,10944
7243747,706898,174,200.17,22235
17239842,1.80985e+06,73,98.4361,18386
6595946,1.61668e+06,100,121.094,56599
14619108,2483,0,13.4946,184
6620244,1.57072e+06,414,382.264,23126
6620244,1.57072e+06,414,382.264,23126
17538293,2.42711e+06,1226,1420.41,23131
14794859,2.13938e+06,428,727.478,21127
6950710,1.18737e+06,569,480.36,28167
7005810,1.51877e+06,240,342.87,49264
7005950,1.83519e+06,281,478.952,65889